date,maximum,minimum,average
2016-10-02,0.002,0.002,0.002
2016-10-03,0.002,0.002,0.002
2016-10-04,0.002,0.002,0.002
2016-10-05,0.002,0.002,0.002
2016-10-06,0.002,0.002,0.002
2016-10-07,0.002,0.002,0.002
2016-10-08,0.003,0.002,0.002
2016-10-09,0.002,0.002,0.002
2016-10-10,0.003,0.002,0.002
2016-10-11,0.014,0.002,0.003
2016-10-12,0.023,0.002,0.003
2016-10-13,0.022,0.002,0.003
2016-10-14,0.040,0.002,0.005
2016-10-15,0.027,0.002,0.005
2016-10-16,0.019,0.002,0.004
2016-10-17,0.013,0.002,0.003
2016-10-18,0.014,0.002,0.004
2016-10-19,0.024,0.002,0.005
2016-10-20,0.078,0.002,0.009
2016-10-21,0.086,0.002,0.009
2016-10-22,0.071,0.002,0.009
2016-10-23,0.104,0.002,0.011
2016-10-24,0.106,0.002,0.012
2016-10-25,0.088,0.002,0.015
2016-10-26,0.073,0.002,0.014
2016-10-27,0.058,0.002,0.011
2016-10-28,0.047,0.002,0.011
2016-10-29,0.115,0.002,0.017
2016-10-30,0.229,0.002,0.023
2016-10-31,0.199,0.002,0.020
2016-11-01,0.148,0.002,0.019
2016-11-02,0.110,0.002,0.016
2016-11-03,0.202,0.002,0.026
2016-11-04,0.266,0.002,0.031
2016-11-05,0.246,0.002,0.045
2016-11-06,0.615,0.002,0.076
2016-11-07,1.778,0.002,0.182
2016-11-08,2.084,0.002,0.214
2016-11-09,1.920,0.002,0.236
2016-11-10,1.767,0.002,0.285
2016-11-11,1.616,0.002,0.284
2016-11-12,1.510,0.002,0.286
2016-11-13,1.417,0.002,0.294
2016-11-14,1.338,0.002,0.268
2016-11-15,1.290,0.002,0.347
2016-11-16,2.687,0.002,0.462
2016-11-17,2.784,0.002,0.544
2016-11-18,2.704,0.002,0.520
2016-11-19,2.647,0.002,0.504
2016-11-20,2.589,0.002,0.503
2016-11-21,2.536,0.003,0.553
2016-11-22,2.458,0.003,0.541
2016-11-23,2.400,0.004,0.648
2016-11-24,2.361,0.003,0.681
2016-11-25,2.319,0.003,0.703
2016-11-26,2.271,0.003,0.688
2016-11-27,2.350,0.002,0.694
2016-11-28,2.312,0.002,0.757
2016-11-29,2.833,0.004,0.861
2016-11-30,2.765,0.005,0.860
2016-12-01,2.736,0.004,0.871
2016-12-02,2.872,0.004,0.859
2016-12-03,5.151,0.004,0.984
2016-12-04,7.345,0.004,1.194
2016-12-05,9.909,0.004,1.309
2016-12-06,9.832,0.005,1.282
2016-12-07,9.771,0.040,1.276
2016-12-08,9.713,0.034,1.380
2016-12-09,9.618,0.029,1.532
2016-12-10,9.782,0.025,1.824
2016-12-11,9.885,0.023,1.842
2016-12-12,9.825,0.019,1.829
2016-12-13,9.803,0.017,1.922
2016-12-14,9.788,0.014,2.031
2016-12-15,9.868,0.012,2.065
2016-12-16,10.828,0.010,2.223
2016-12-17,10.732,0.009,2.641
2016-12-18,10.570,0.008,3.088
2016-12-19,12.035,0.007,3.273
2016-12-20,12.565,0.006,3.628
2016-12-21,12.529,0.006,3.766
2016-12-22,12.487,0.005,3.690
2016-12-23,12.387,0.005,3.736
2016-12-24,12.844,0.004,3.860
2016-12-25,17.564,0.004,4.095
2016-12-26,22.896,0.004,4.404
2016-12-27,22.795,0.004,4.455
2016-12-28,22.700,0.004,4.936
2016-12-29,22.546,0.027,5.208
2016-12-30,22.396,0.084,5.324
2016-12-31,22.803,0.075,5.444
2017-01-01,22.761,0.067,5.556
2017-01-02,22.719,0.063,5.770
2017-01-03,22.672,0.076,5.799
2017-01-04,22.624,0.120,6.098
2017-01-05,22.576,0.098,6.306
2017-01-06,22.532,0.081,6.288
2017-01-07,22.483,0.069,6.455
2017-01-08,22.405,0.088,7.156
2017-01-09,22.612,0.074,7.379
2017-01-10,22.823,0.062,7.572
2017-01-11,22.783,0.197,7.552
2017-01-12,22.743,0.179,7.889
2017-01-13,22.708,0.397,8.294
2017-01-14,22.652,0.478,8.491
2017-01-15,22.816,0.446,8.978
2017-01-16,25.067,0.397,9.358
2017-01-17,26.076,0.345,9.660
2017-01-18,26.731,0.298,9.705
2017-01-19,26.584,0.262,9.652
2017-01-20,26.351,1.570,9.688
2017-01-21,26.057,2.103,9.873
2017-01-22,25.822,2.153,10.717
2017-01-23,25.560,2.005,10.852
2017-01-24,27.480,1.889,11.087
2017-01-25,28.440,1.794,11.316
2017-01-26,29.088,1.706,11.259
2017-01-27,31.083,1.602,11.333
2017-01-28,30.750,1.455,11.545
2017-01-29,30.457,1.438,11.837
2017-01-30,30.125,2.056,12.135
2017-01-31,29.804,1.899,12.286
2017-02-01,29.409,2.021,12.431
2017-02-02,28.897,3.025,13.070
2017-02-03,33.751,3.599,14.036
2017-02-04,33.945,3.477,14.626
2017-02-05,34.280,3.298,14.837
2017-02-06,36.752,3.114,15.581
2017-02-07,36.483,4.308,16.135
2017-02-08,36.097,4.330,16.286
2017-02-09,35.761,4.147,16.610
2017-02-10,35.298,3.950,16.743
2017-02-11,37.569,3.783,16.976
2017-02-12,37.370,3.567,17.162
2017-02-13,37.427,3.262,17.622
2017-02-14,38.357,2.980,17.554
2017-02-15,39.453,2.746,17.624
2017-02-16,39.361,3.132,17.646
2017-02-17,38.947,3.092,17.690
2017-02-18,38.836,2.966,18.296
2017-02-19,39.009,3.533,18.761
2017-02-20,39.095,3.653,18.949
2017-02-21,43.063,3.814,19.025
2017-02-22,42.767,3.676,19.144
2017-02-23,42.426,4.088,19.480
2017-02-24,42.070,4.318,19.545
2017-02-25,42.972,3.976,19.536
2017-02-26,42.761,3.652,19.728
2017-02-27,44.348,3.317,20.268
2017-02-28,44.741,3.049,20.184
2017-03-01,44.544,2.593,20.054
2017-03-02,44.360,2.813,19.897
2017-03-03,45.818,3.529,20.078
2017-03-04,45.772,4.529,20.146
2017-03-05,45.579,5.355,20.054
2017-03-06,45.297,5.242,19.838
2017-03-07,44.863,5.161,19.793
2017-03-08,44.175,5.010,19.568
2017-03-09,45.218,5.199,19.517
2017-03-10,45.116,4.939,19.319
2017-03-11,45.871,4.557,19.225
2017-03-12,47.251,4.334,19.081
2017-03-13,47.647,4.015,18.742
2017-03-14,47.496,3.552,18.327
2017-03-15,47.263,3.096,18.047
2017-03-16,46.916,2.829,17.710
2017-03-17,46.675,2.491,17.389
2017-03-18,46.827,2.163,16.982
2017-03-19,47.898,2.060,16.771
2017-03-20,48.929,1.937,16.484
2017-03-21,48.556,1.969,16.225
2017-03-22,48.251,1.787,15.830
2017-03-23,47.776,1.678,15.593
2017-03-24,47.156,1.560,15.479
2017-03-25,46.458,1.414,15.197
2017-03-26,45.461,1.280,14.803
2017-03-27,44.474,1.153,14.400
2017-03-28,43.257,1.026,14.311
2017-03-29,41.981,0.921,14.049
2017-03-30,40.698,0.832,13.621
2017-03-31,40.328,0.732,13.262
2017-04-01,40.088,0.653,12.868
2017-04-02,39.790,0.813,12.560
2017-04-03,39.328,0.802,12.246
2017-04-04,38.632,0.711,11.867
2017-04-05,38.319,0.622,11.519
2017-04-06,37.454,0.532,11.168
2017-04-07,36.658,0.483,10.827
2017-04-08,35.672,0.424,10.507
2017-04-09,34.644,0.370,10.140
2017-04-10,33.474,0.334,9.772
2017-04-11,32.209,0.295,9.435
2017-04-12,30.829,0.269,9.028
2017-04-13,29.363,0.237,8.583
2017-04-14,27.831,0.197,8.156
2017-04-15,26.250,0.167,7.798
2017-04-16,24.608,0.131,7.450
2017-04-17,22.930,0.133,7.071
2017-04-18,21.464,0.120,6.700
2017-04-19,20.434,0.096,6.357
2017-04-20,19.915,0.089,5.999
2017-04-21,19.433,0.075,5.703
2017-04-22,18.966,0.062,5.367
2017-04-23,18.412,0.049,5.020
2017-04-24,17.782,0.033,4.667
2017-04-25,17.039,0.024,4.330
2017-04-26,16.513,0.018,4.030
2017-04-27,15.559,0.012,3.722
2017-04-28,14.463,0.009,3.409
2017-04-29,13.201,0.006,3.100
2017-04-30,12.388,0.005,2.846
2017-05-01,11.502,0.004,2.592
2017-05-02,10.795,0.003,2.361
2017-05-03,10.145,0.002,2.155
2017-05-04,9.591,0.002,1.989
2017-05-05,9.194,0.002,1.823
2017-05-06,8.752,0.002,1.670
2017-05-07,8.333,0.002,1.531
2017-05-08,7.943,0.002,1.396
2017-05-09,7.388,0.002,1.284
2017-05-10,7.139,0.002,1.190
2017-05-11,6.771,0.002,1.098
2017-05-12,6.286,0.002,0.997
2017-05-13,5.618,0.002,0.896
2017-05-14,5.083,0.002,0.804
2017-05-15,4.686,0.002,0.720
2017-05-16,4.337,0.002,0.648
2017-05-17,3.988,0.002,0.583
2017-05-18,3.642,0.002,0.523
2017-05-19,3.326,0.002,0.471
2017-05-20,3.060,0.002,0.421
2017-05-21,2.763,0.002,0.376
2017-05-22,2.480,0.002,0.337
2017-05-23,2.215,0.002,0.300
2017-05-24,1.989,0.002,0.268
2017-05-25,1.778,0.002,0.243
2017-05-26,1.601,0.002,0.219
2017-05-27,1.386,0.002,0.197
2017-05-28,1.206,0.002,0.176
2017-05-29,1.037,0.002,0.159
2017-05-30,0.892,0.002,0.143
2017-05-31,0.767,0.002,0.128
2017-06-01,0.651,0.002,0.113
2017-06-02,0.582,0.002,0.098
2017-06-03,0.536,0.002,0.089
2017-06-04,0.483,0.002,0.077
2017-06-05,0.428,0.002,0.067
2017-06-06,0.374,0.002,0.061
2017-06-07,0.328,0.002,0.054
2017-06-08,0.287,0.002,0.048
2017-06-09,0.249,0.002,0.042
2017-06-10,0.214,0.002,0.037
2017-06-11,0.198,0.002,0.033
2017-06-12,0.189,0.002,0.031
2017-06-13,0.182,0.002,0.029
2017-06-14,0.178,0.002,0.028
2017-06-15,0.165,0.002,0.025
2017-06-16,0.159,0.002,0.023
2017-06-17,0.148,0.002,0.021
2017-06-18,0.133,0.002,0.019
2017-06-19,0.129,0.002,0.017
2017-06-20,0.125,0.002,0.016
2017-06-21,0.117,0.002,0.014
2017-06-22,0.107,0.002,0.013
2017-06-23,0.099,0.002,0.011
2017-06-24,0.090,0.002,0.010
2017-06-25,0.083,0.002,0.009
2017-06-26,0.075,0.002,0.008
2017-06-27,0.065,0.002,0.007
2017-06-28,0.057,0.002,0.006
2017-06-29,0.048,0.002,0.006
2017-06-30,0.042,0.002,0.005
2017-07-01,0.036,0.002,0.005
2017-07-02,0.031,0.002,0.004
2017-07-03,0.026,0.002,0.004
2017-07-04,0.022,0.002,0.003
2017-07-05,0.020,0.002,0.003
2017-07-06,0.017,0.002,0.003
2017-07-07,0.015,0.002,0.003
2017-07-08,0.013,0.002,0.003
2017-07-09,0.011,0.002,0.003
2017-07-10,0.010,0.002,0.003
2017-07-11,0.008,0.002,0.002
2017-07-12,0.007,0.002,0.002
2017-07-13,0.005,0.002,0.002
2017-07-14,0.004,0.002,0.002
2017-07-15,0.003,0.002,0.002
2017-07-16,0.003,0.002,0.002
2017-07-17,0.002,0.002,0.002
2017-07-18,0.002,0.002,0.002
2017-07-19,0.002,0.002,0.002
2017-07-20,0.002,0.002,0.002
2017-07-21,0.002,0.002,0.002
2017-07-22,0.002,0.002,0.002
2017-07-23,0.002,0.002,0.002
2017-07-24,0.002,0.002,0.002
2017-07-25,0.002,0.002,0.002
2017-07-26,0.002,0.002,0.002
2017-07-27,0.002,0.002,0.002
2017-07-28,0.002,0.002,0.002
2017-07-29,0.002,0.002,0.002
2017-07-30,0.002,0.002,0.002
2017-07-31,0.002,0.002,0.002
2017-08-01,0.002,0.002,0.002
2017-08-02,0.002,0.002,0.002
2017-08-03,0.002,0.002,0.002
2017-08-04,0.002,0.002,0.002
2017-08-05,0.002,0.002,0.002
2017-08-06,0.002,0.002,0.002
2017-08-07,0.002,0.002,0.002
2017-08-08,0.002,0.002,0.002
2017-08-09,0.002,0.002,0.002
2017-08-10,0.002,0.002,0.002
2017-08-11,0.002,0.002,0.002
2017-08-12,0.002,0.002,0.002
2017-08-13,0.002,0.002,0.002
2017-08-14,0.002,0.002,0.002
2017-08-15,0.002,0.002,0.002
2017-08-16,0.002,0.002,0.002
2017-08-17,0.002,0.002,0.002
2017-08-18,0.002,0.002,0.002
2017-08-19,0.002,0.002,0.002
2017-08-20,0.002,0.002,0.002
2017-08-21,0.002,0.002,0.002
2017-08-22,0.002,0.002,0.002
2017-08-23,0.002,0.002,0.002
2017-08-24,0.002,0.002,0.002
2017-08-25,0.002,0.002,0.002
2017-08-26,0.002,0.002,0.002
2017-08-27,0.002,0.002,0.002
2017-08-28,0.002,0.002,0.002
2017-08-29,0.002,0.002,0.002
2017-08-30,0.002,0.002,0.002
2017-08-31,0.002,0.002,0.002
2017-09-01,0.002,0.002,0.002
2017-09-02,0.002,0.002,0.002
2017-09-03,0.002,0.002,0.002
2017-09-04,0.002,0.002,0.002
2017-09-05,0.002,0.002,0.002
2017-09-06,0.002,0.002,0.002
2017-09-07,0.002,0.002,0.002
2017-09-08,0.002,0.002,0.002
2017-09-09,0.002,0.002,0.002
2017-09-10,0.002,0.002,0.002
2017-09-11,0.002,0.002,0.002
2017-09-12,0.002,0.002,0.002
2017-09-13,0.002,0.002,0.002
2017-09-14,0.002,0.002,0.002
2017-09-15,0.002,0.002,0.002
2017-09-16,0.002,0.002,0.002
2017-09-17,0.002,0.002,0.002
2017-09-18,0.002,0.002,0.002
2017-09-19,0.002,0.002,0.002
2017-09-20,0.002,0.002,0.002
2017-09-21,0.002,0.002,0.002
2017-09-22,0.003,0.002,0.002
2017-09-23,0.005,0.002,0.002
2017-09-24,0.004,0.002,0.002
2017-09-25,0.003,0.002,0.002
2017-09-26,0.002,0.002,0.002
2017-09-27,0.002,0.002,0.002
2017-09-28,0.002,0.002,0.002
2017-09-29,0.002,0.002,0.002
2017-09-30,0.004,0.002,0.002
2017-10-01,0.004,0.002,0.002
