date,maximum,minimum,average
2017-01-01,0.164,0.000,0.042
2017-01-02,0.310,0.000,0.086
2017-01-03,0.293,0.000,0.077
2017-01-04,0.547,0.000,0.113
2017-01-05,0.237,0.000,0.084
2017-01-06,1.857,0.000,0.329
2017-01-07,0.546,0.000,0.151
2017-01-08,0.494,0.000,0.119
2017-01-09,0.639,0.000,0.186
2017-01-10,1.643,0.000,0.212
2017-01-11,0.201,0.000,0.056
2017-01-12,0.344,0.000,0.071
2017-01-13,0.227,0.000,0.067
2017-01-14,0.261,0.000,0.052
2017-01-15,0.131,0.000,0.033
2017-01-16,0.173,0.000,0.029
2017-01-17,0.208,0.000,0.048
2017-01-18,1.167,0.000,0.187
2017-01-19,0.574,0.000,0.102
2017-01-20,2.101,0.000,0.267
2017-01-21,1.187,0.000,0.245
2017-01-22,0.411,0.001,0.119
2017-01-23,0.140,0.001,0.048
2017-01-24,0.497,0.000,0.122
2017-01-25,0.337,0.000,0.087
2017-01-26,0.432,0.000,0.087
2017-01-27,0.316,0.000,0.077
2017-01-28,0.734,0.000,0.140
2017-01-29,1.586,0.000,0.225
2017-01-30,0.469,0.000,0.075
2017-01-31,0.479,0.000,0.088
2017-02-01,0.336,0.000,0.073
2017-02-02,0.131,0.000,0.033
2017-02-03,0.213,0.000,0.043
2017-02-04,0.494,0.000,0.087
2017-02-05,0.916,0.000,0.127
2017-02-06,0.362,0.000,0.072
2017-02-07,0.481,0.000,0.094
2017-02-08,0.257,0.000,0.048
2017-02-09,1.170,0.000,0.161
2017-02-10,0.842,0.000,0.160
2017-02-11,0.767,0.000,0.141
2017-02-12,0.429,0.000,0.079
2017-02-13,0.399,0.000,0.081
2017-02-14,0.364,0.001,0.075
2017-02-15,0.451,0.000,0.110
2017-02-16,0.604,0.001,0.177
2017-02-17,0.626,0.000,0.158
2017-02-18,0.995,0.000,0.253
2017-02-19,1.258,0.000,0.239
2017-02-20,0.565,0.005,0.147
2017-02-21,1.907,0.003,0.303
2017-02-22,1.093,0.000,0.305
2017-02-23,0.642,0.000,0.111
2017-02-24,0.630,0.000,0.122
2017-02-25,0.679,0.000,0.159
2017-02-26,0.523,0.000,0.156
2017-02-27,1.500,0.000,0.302
2017-02-28,0.905,0.011,0.218
2017-03-01,0.987,0.002,0.197
2017-03-02,2.229,0.000,0.394
2017-03-03,0.748,0.000,0.215
2017-03-04,0.535,0.000,0.141
2017-03-05,1.000,0.004,0.224
2017-03-06,0.667,0.001,0.168
2017-03-07,1.229,0.002,0.229
2017-03-08,1.371,0.000,0.460
2017-03-09,0.936,0.000,0.263
2017-03-10,1.056,0.000,0.282
2017-03-11,1.035,0.000,0.324
2017-03-12,0.944,0.006,0.232
2017-03-13,1.328,0.000,0.312
2017-03-14,0.840,0.000,0.295
2017-03-15,0.667,0.000,0.207
2017-03-16,1.072,0.000,0.317
2017-03-17,2.771,0.000,0.586
2017-03-18,1.653,0.002,0.461
2017-03-19,0.627,0.003,0.274
2017-03-20,1.324,0.005,0.439
2017-03-21,1.123,0.005,0.375
2017-03-22,2.263,0.007,0.490
2017-03-23,1.032,0.001,0.397
2017-03-24,2.710,0.000,0.696
2017-03-25,1.134,0.001,0.389
2017-03-26,0.801,0.040,0.335
2017-03-27,2.625,0.014,0.504
2017-03-28,1.155,0.031,0.345
2017-03-29,1.889,0.004,0.472
2017-03-30,2.122,0.019,0.492
2017-03-31,2.935,0.014,0.558
2017-04-01,1.042,0.011,0.294
2017-04-02,1.624,0.005,0.475
2017-04-03,2.233,0.028,0.690
2017-04-04,5.238,0.031,0.883
2017-04-05,1.844,0.038,0.836
2017-04-06,2.882,0.067,0.934
2017-04-07,3.689,0.126,1.133
2017-04-08,3.522,0.065,1.012
2017-04-09,4.268,0.038,1.143
2017-04-10,2.559,0.036,0.871
2017-04-11,2.089,0.022,0.730
2017-04-12,2.435,0.035,0.705
2017-04-13,4.643,0.024,1.151
2017-04-14,2.560,0.024,0.871
2017-04-15,5.022,0.003,1.477
2017-04-16,3.598,0.004,1.122
2017-04-17,5.577,0.007,1.461
2017-04-18,3.195,0.002,0.944
2017-04-19,3.403,0.004,1.323
2017-04-20,3.092,0.108,1.065
2017-04-21,2.403,0.049,1.101
2017-04-22,4.531,0.067,1.310
2017-04-23,4.185,0.083,1.333
2017-04-24,5.693,0.147,1.857
2017-04-25,2.528,0.161,1.202
2017-04-26,3.457,0.249,1.253
2017-04-27,3.970,0.171,1.426
2017-04-28,5.146,0.136,1.433
2017-04-29,4.618,0.161,1.712
2017-04-30,3.446,0.080,1.167
2017-05-01,5.191,0.142,1.228
2017-05-02,5.923,0.083,1.824
2017-05-03,3.892,0.015,1.396
2017-05-04,9.473,0.223,2.541
2017-05-05,4.820,0.236,1.906
2017-05-06,4.683,0.107,1.861
2017-05-07,3.693,0.140,1.466
2017-05-08,6.958,0.549,2.980
2017-05-09,5.118,0.334,1.588
2017-05-10,4.301,0.228,1.717
2017-05-11,3.545,0.403,1.746
2017-05-12,4.495,0.180,2.046
2017-05-13,2.721,0.277,1.237
2017-05-14,4.938,0.345,2.025
2017-05-15,6.666,0.325,2.712
2017-05-16,4.246,0.402,1.368
2017-05-17,5.923,0.210,1.724
2017-05-18,4.899,0.104,2.013
2017-05-19,6.822,0.487,2.539
2017-05-20,2.463,0.095,1.326
2017-05-21,7.529,0.282,2.354
2017-05-22,4.260,0.398,1.837
2017-05-23,4.295,0.356,2.034
2017-05-24,3.230,0.868,1.972
2017-05-25,4.338,0.167,1.681
2017-05-26,4.144,0.303,1.739
2017-05-27,8.937,0.237,2.163
2017-05-28,5.651,0.410,2.676
2017-05-29,5.202,0.150,2.429
2017-05-30,5.067,0.418,2.704
2017-05-31,5.418,0.349,1.799
2017-06-01,4.805,0.426,1.990
2017-06-02,9.876,0.474,3.669
2017-06-03,4.816,0.498,2.307
2017-06-04,7.544,0.193,3.147
2017-06-05,7.049,0.259,2.332
2017-06-06,4.800,0.288,2.147
2017-06-07,5.173,0.256,2.167
2017-06-08,6.423,0.196,2.448
2017-06-09,4.957,0.310,2.197
2017-06-10,7.367,0.132,2.967
2017-06-11,7.103,0.572,2.759
2017-06-12,10.202,0.196,3.160
2017-06-13,4.728,0.184,2.280
2017-06-14,3.991,0.789,1.903
2017-06-15,5.469,0.284,2.252
2017-06-16,6.234,0.100,2.517
2017-06-17,3.980,1.077,2.717
2017-06-18,3.625,0.355,2.237
2017-06-19,3.787,0.517,1.625
2017-06-20,5.768,0.554,2.598
2017-06-21,8.003,0.165,2.724
2017-06-22,6.413,0.261,2.848
2017-06-23,6.099,0.516,2.317
2017-06-24,6.367,0.238,3.017
2017-06-25,8.045,0.569,3.067
2017-06-26,10.714,0.344,3.750
2017-06-27,7.110,0.413,3.274
2017-06-28,8.115,0.476,2.988
2017-06-29,8.218,0.255,3.187
2017-06-30,7.552,1.278,3.719
2017-07-01,5.407,0.917,2.710
2017-07-02,6.288,0.545,3.244
2017-07-03,9.722,0.393,3.060
2017-07-04,6.802,0.826,2.575
2017-07-05,8.392,0.720,3.333
2017-07-06,6.439,0.422,2.907
2017-07-07,4.522,0.519,2.401
2017-07-08,8.125,0.340,3.400
2017-07-09,6.302,0.227,2.681
2017-07-10,8.705,0.550,4.225
2017-07-11,6.972,0.331,3.512
2017-07-12,9.180,0.439,3.303
2017-07-13,5.992,0.132,2.477
2017-07-14,4.904,0.275,2.977
2017-07-15,5.737,0.750,3.121
2017-07-16,11.891,0.242,4.078
2017-07-17,10.398,0.703,4.086
2017-07-18,10.332,0.523,3.751
2017-07-19,10.006,0.448,4.228
2017-07-20,7.259,0.276,3.970
2017-07-21,9.335,0.389,5.065
2017-07-22,10.417,0.688,3.804
2017-07-23,7.914,0.284,3.703
2017-07-24,5.900,0.423,2.626
2017-07-25,7.581,0.665,3.722
2017-07-26,6.070,0.992,3.271
2017-07-27,11.511,0.312,3.417
2017-07-28,7.096,0.192,3.135
2017-07-29,6.145,1.320,3.405
2017-07-30,7.621,1.311,3.352
2017-07-31,9.332,1.272,3.924
2017-08-01,5.767,0.850,3.693
2017-08-02,6.489,0.714,3.498
2017-08-03,8.361,0.589,3.865
2017-08-04,9.016,0.219,3.791
2017-08-05,7.953,0.943,3.584
2017-08-06,7.476,0.948,3.861
2017-08-07,9.581,0.754,5.029
2017-08-08,9.965,0.999,4.354
2017-08-09,9.068,1.067,4.017
2017-08-10,7.148,0.944,3.316
2017-08-11,10.392,0.132,3.853
2017-08-12,10.998,1.010,4.820
2017-08-13,9.367,0.514,5.246
2017-08-14,8.370,1.140,3.843
2017-08-15,8.893,1.236,4.545
2017-08-16,7.841,0.682,3.852
2017-08-17,6.418,0.739,3.254
2017-08-18,10.316,0.772,4.540
2017-08-19,7.245,0.281,3.763
2017-08-20,6.253,0.661,3.158
2017-08-21,7.533,0.744,4.027
2017-08-22,7.489,1.185,3.788
2017-08-23,8.510,1.171,3.984
2017-08-24,10.892,0.705,4.639
2017-08-25,6.690,0.715,3.703
2017-08-26,8.006,0.200,3.574
2017-08-27,16.034,0.937,5.347
2017-08-28,11.741,0.976,4.478
2017-08-29,9.528,0.269,5.457
2017-08-30,5.592,1.166,3.600
2017-08-31,7.611,1.156,3.667
2017-09-01,8.036,0.683,3.532
2017-09-02,6.830,0.519,3.641
2017-09-03,6.698,1.086,3.666
2017-09-04,8.423,1.012,3.889
2017-09-05,8.078,0.842,3.875
2017-09-06,7.991,0.399,4.250
2017-09-07,7.224,0.755,2.984
2017-09-08,10.488,0.716,3.294
2017-09-09,5.729,1.111,3.722
2017-09-10,4.983,0.604,2.614
2017-09-11,7.258,0.296,2.661
2017-09-12,6.252,0.662,3.352
2017-09-13,4.907,0.523,2.571
2017-09-14,4.712,0.708,2.991
2017-09-15,3.944,0.501,2.403
2017-09-16,6.254,0.573,3.002
2017-09-17,5.880,0.301,2.562
2017-09-18,5.665,0.467,2.849
2017-09-19,5.551,0.744,2.718
2017-09-20,6.485,0.706,3.265
2017-09-21,4.071,0.613,2.568
2017-09-22,3.390,0.612,2.106
2017-09-23,5.602,0.434,2.412
2017-09-24,5.644,0.258,2.674
2017-09-25,5.343,0.632,2.769
2017-09-26,4.129,0.334,1.728
2017-09-27,5.392,0.934,2.534
2017-09-28,6.441,0.774,2.429
2017-09-29,5.406,0.622,1.998
2017-09-30,6.641,0.290,2.242
2017-10-01,4.987,0.153,1.965
2017-10-02,4.726,0.702,1.993
2017-10-03,3.577,0.469,1.946
2017-10-04,5.258,0.298,1.992
2017-10-05,3.921,0.536,1.711
2017-10-06,2.885,0.394,1.647
2017-10-07,4.675,0.406,1.954
2017-10-08,5.540,0.599,1.953
2017-10-09,2.354,0.287,1.081
2017-10-10,2.505,0.063,1.025
2017-10-11,3.892,0.305,1.799
2017-10-12,4.062,0.257,1.653
2017-10-13,3.023,0.249,1.236
2017-10-14,3.307,0.313,1.479
2017-10-15,3.423,0.501,1.441
2017-10-16,2.321,0.102,0.945
2017-10-17,3.172,0.210,0.921
2017-10-18,3.928,0.176,1.080
2017-10-19,2.920,0.111,1.293
2017-10-20,1.757,0.091,0.833
2017-10-21,4.265,0.058,1.193
2017-10-22,3.214,0.058,1.053
2017-10-23,1.341,0.065,0.441
2017-10-24,2.211,0.025,0.853
2017-10-25,2.111,0.003,0.846
2017-10-26,1.396,0.008,0.622
2017-10-27,3.509,0.012,0.936
2017-10-28,2.261,0.028,1.044
2017-10-29,2.834,0.028,0.770
2017-10-30,2.478,0.001,0.717
2017-10-31,1.707,0.015,0.381
2017-11-01,2.242,0.066,0.663
2017-11-02,0.867,0.056,0.408
2017-11-03,1.205,0.001,0.364
2017-11-04,1.632,0.003,0.368
2017-11-05,0.531,0.018,0.207
2017-11-06,0.984,0.026,0.361
2017-11-07,1.194,0.003,0.356
2017-11-08,1.090,0.002,0.284
2017-11-09,1.678,0.007,0.395
2017-11-10,0.925,0.012,0.242
2017-11-11,0.414,0.005,0.183
2017-11-12,0.582,0.033,0.210
2017-11-13,0.340,0.004,0.154
2017-11-14,0.682,0.004,0.158
2017-11-15,0.388,0.000,0.124
2017-11-16,0.518,0.000,0.119
2017-11-17,0.339,0.001,0.113
2017-11-18,0.600,0.003,0.140
2017-11-19,0.280,0.000,0.092
2017-11-20,1.285,0.006,0.208
2017-11-21,0.956,0.002,0.210
2017-11-22,0.460,0.000,0.152
2017-11-23,0.304,0.000,0.076
2017-11-24,0.270,0.000,0.087
2017-11-25,0.221,0.000,0.081
2017-11-26,0.264,0.000,0.077
2017-11-27,0.313,0.000,0.098
2017-11-28,0.258,0.000,0.084
2017-11-29,0.137,0.000,0.054
2017-11-30,0.073,0.000,0.022
2017-12-01,0.078,0.000,0.022
2017-12-02,0.088,0.000,0.032
2017-12-03,0.686,0.000,0.161
2017-12-04,0.162,0.000,0.048
2017-12-05,1.748,0.000,0.293
2017-12-06,0.904,0.000,0.198
2017-12-07,0.177,0.000,0.045
2017-12-08,0.431,0.000,0.080
2017-12-09,0.404,0.000,0.064
2017-12-10,0.113,0.000,0.037
2017-12-11,0.255,0.000,0.065
2017-12-12,0.250,0.000,0.085
2017-12-13,0.334,0.000,0.093
2017-12-14,0.344,0.003,0.078
2017-12-15,0.269,0.000,0.064
2017-12-16,0.329,0.000,0.091
2017-12-17,0.163,0.000,0.048
2017-12-18,0.180,0.000,0.047
2017-12-19,0.192,0.000,0.047
2017-12-20,0.183,0.000,0.041
2017-12-21,0.071,0.000,0.020
2017-12-22,0.501,0.000,0.078
2017-12-23,0.223,0.000,0.045
2017-12-24,0.103,0.000,0.021
2017-12-25,0.331,0.000,0.074
2017-12-26,0.582,0.000,0.097
2017-12-27,0.216,0.000,0.037
2017-12-28,0.126,0.000,0.022
2017-12-29,0.060,0.000,0.013
2017-12-30,0.154,0.000,0.038
2017-12-31,0.257,0.000,0.068
