date,maximum,minimum,average
2017-01-01,10.664,0.000,1.597
2017-01-02,8.192,0.000,1.370
2017-01-03,4.403,0.000,0.778
2017-01-04,7.112,0.003,1.250
2017-01-05,5.377,0.000,1.061
2017-01-06,8.600,0.000,1.441
2017-01-07,8.814,0.000,1.408
2017-01-08,6.118,0.020,0.973
2017-01-09,11.272,0.001,2.250
2017-01-10,18.011,0.002,2.706
2017-01-11,5.752,0.001,2.102
2017-01-12,4.320,0.017,1.041
2017-01-13,4.859,0.000,1.074
2017-01-14,9.147,0.000,1.622
2017-01-15,10.391,0.012,2.010
2017-01-16,21.757,0.029,3.104
2017-01-17,4.650,0.003,1.622
2017-01-18,6.988,0.011,1.336
2017-01-19,7.451,0.001,1.629
2017-01-20,29.318,0.008,3.076
2017-01-21,36.825,0.005,3.345
2017-01-22,6.766,0.000,1.253
2017-01-23,6.229,0.003,1.284
2017-01-24,7.589,0.000,1.731
2017-01-25,3.728,0.000,1.308
2017-01-26,4.575,0.010,1.335
2017-01-27,7.006,0.009,1.668
2017-01-28,4.718,0.002,1.121
2017-01-29,13.840,0.039,1.571
2017-01-30,4.860,0.008,1.187
2017-01-31,4.401,0.003,0.949
2017-02-01,4.970,0.000,0.976
2017-02-02,4.115,0.002,0.656
2017-02-03,5.263,0.000,0.676
2017-02-04,1.848,0.001,0.591
2017-02-05,6.032,0.000,1.485
2017-02-06,2.936,0.009,0.818
2017-02-07,7.105,0.001,1.445
2017-02-08,7.150,0.001,1.661
2017-02-09,5.349,0.006,0.813
2017-02-10,8.210,0.004,0.797
2017-02-11,5.399,0.003,1.049
2017-02-12,4.937,0.000,0.870
2017-02-13,2.321,0.002,0.508
2017-02-14,4.817,0.000,0.737
2017-02-15,3.553,0.001,0.771
2017-02-16,4.525,0.001,0.743
2017-02-17,6.968,0.001,1.264
2017-02-18,8.134,0.000,1.180
2017-02-19,6.902,0.000,0.939
2017-02-20,3.708,0.001,0.994
2017-02-21,12.647,0.000,2.109
2017-02-22,4.471,0.003,1.264
2017-02-23,5.833,0.002,0.937
2017-02-24,12.188,0.009,1.613
2017-02-25,9.714,0.000,1.405
2017-02-26,8.057,0.000,2.075
2017-02-27,10.042,0.042,2.123
2017-02-28,9.051,0.001,2.007
2017-03-01,13.178,0.002,1.887
2017-03-02,6.350,0.000,0.992
2017-03-03,9.614,0.002,1.161
2017-03-04,5.275,0.002,1.562
2017-03-05,11.781,0.000,2.075
2017-03-06,24.464,0.000,3.359
2017-03-07,4.304,0.001,0.639
2017-03-08,1.592,0.000,0.554
2017-03-09,17.629,0.001,1.666
2017-03-10,26.689,0.001,2.768
2017-03-11,24.762,0.000,2.002
2017-03-12,16.708,0.000,1.895
2017-03-13,11.157,0.000,1.841
2017-03-14,5.950,0.006,1.369
2017-03-15,4.796,0.001,0.933
2017-03-16,4.581,0.000,0.746
2017-03-17,2.395,0.001,0.593
2017-03-18,11.077,0.001,1.355
2017-03-19,5.116,0.000,1.056
2017-03-20,10.675,0.000,1.075
2017-03-21,2.773,0.001,0.342
2017-03-22,5.016,0.000,0.588
2017-03-23,4.320,0.001,0.653
2017-03-24,17.420,0.000,1.465
2017-03-25,3.767,0.000,0.654
2017-03-26,1.553,0.000,0.352
2017-03-27,1.807,0.000,0.422
2017-03-28,11.211,0.000,1.864
2017-03-29,7.169,0.000,1.572
2017-03-30,6.014,0.000,0.657
2017-03-31,5.993,0.000,0.824
2017-04-01,2.860,0.000,0.474
2017-04-02,2.080,0.000,0.315
2017-04-03,5.451,0.000,0.850
2017-04-04,7.985,0.000,1.256
2017-04-05,6.002,0.000,1.049
2017-04-06,4.412,0.000,0.600
2017-04-07,2.860,0.000,0.431
2017-04-08,2.117,0.000,0.527
2017-04-09,2.136,0.000,0.298
2017-04-10,0.994,0.001,0.168
2017-04-11,3.506,0.000,0.329
2017-04-12,0.903,0.000,0.182
2017-04-13,4.122,0.000,0.446
2017-04-14,1.535,0.000,0.296
2017-04-15,0.665,0.000,0.106
2017-04-16,0.586,0.000,0.088
2017-04-17,2.396,0.000,0.311
2017-04-18,1.631,0.000,0.201
2017-04-19,1.746,0.000,0.395
2017-04-20,4.764,0.000,0.842
2017-04-21,1.385,0.000,0.334
2017-04-22,11.078,0.000,0.765
2017-04-23,2.059,0.000,0.381
2017-04-24,2.863,0.000,0.572
2017-04-25,3.187,0.000,0.298
2017-04-26,2.666,0.000,0.355
2017-04-27,2.106,0.000,0.446
2017-04-28,0.556,0.000,0.140
2017-04-29,0.429,0.000,0.048
2017-04-30,0.643,0.000,0.049
2017-05-01,0.413,0.000,0.078
2017-05-02,3.705,0.000,0.494
2017-05-03,3.842,0.000,0.435
2017-05-04,1.713,0.000,0.269
2017-05-05,0.876,0.000,0.127
2017-05-06,0.466,0.000,0.076
2017-05-07,0.516,0.000,0.071
2017-05-08,5.817,0.000,0.396
2017-05-09,0.895,0.000,0.076
2017-05-10,0.245,0.000,0.022
2017-05-11,0.172,0.000,0.021
2017-05-12,0.374,0.000,0.062
2017-05-13,0.009,0.000,0.003
2017-05-14,0.658,0.000,0.047
2017-05-15,3.472,0.000,0.239
2017-05-16,1.065,0.000,0.098
2017-05-17,2.733,0.000,0.197
2017-05-18,1.031,0.000,0.196
2017-05-19,0.893,0.000,0.185
2017-05-20,2.716,0.000,0.276
2017-05-21,0.367,0.000,0.055
2017-05-22,0.691,0.000,0.050
2017-05-23,1.960,0.000,0.225
2017-05-24,0.122,0.000,0.019
2017-05-25,0.051,0.000,0.010
2017-05-26,0.393,0.000,0.051
2017-05-27,1.738,0.000,0.115
2017-05-28,0.210,0.000,0.024
2017-05-29,0.093,0.000,0.011
2017-05-30,2.614,0.000,0.170
2017-05-31,0.312,0.000,0.039
2017-06-01,5.370,0.000,0.357
2017-06-02,0.955,0.000,0.115
2017-06-03,0.255,0.000,0.033
2017-06-04,1.529,0.000,0.152
2017-06-05,0.177,0.000,0.033
2017-06-06,3.592,0.000,0.302
2017-06-07,0.244,0.000,0.055
2017-06-08,2.208,0.000,0.172
2017-06-09,6.822,0.000,0.568
2017-06-10,1.975,0.000,0.237
2017-06-11,3.884,0.000,0.261
2017-06-12,0.619,0.000,0.053
2017-06-13,0.644,0.000,0.045
2017-06-14,0.737,0.000,0.052
2017-06-15,0.022,0.000,0.003
2017-06-16,0.083,0.000,0.015
2017-06-17,0.350,0.000,0.024
2017-06-18,0.195,0.000,0.040
2017-06-19,0.095,0.000,0.013
2017-06-20,0.544,0.000,0.054
2017-06-21,1.844,0.000,0.159
2017-06-22,0.602,0.000,0.050
2017-06-23,0.342,0.000,0.049
2017-06-24,0.278,0.000,0.051
2017-06-25,2.176,0.000,0.148
2017-06-26,2.006,0.000,0.133
2017-06-27,0.166,0.000,0.035
2017-06-28,0.504,0.000,0.044
2017-06-29,2.482,0.000,0.185
2017-06-30,0.163,0.000,0.052
2017-07-01,0.350,0.000,0.065
2017-07-02,0.162,0.000,0.017
2017-07-03,0.190,0.000,0.038
2017-07-04,0.136,0.000,0.028
2017-07-05,1.639,0.000,0.136
2017-07-06,1.507,0.000,0.102
2017-07-07,0.502,0.000,0.043
2017-07-08,0.097,0.000,0.019
2017-07-09,0.028,0.000,0.003
2017-07-10,0.135,0.000,0.018
2017-07-11,0.450,0.000,0.037
2017-07-12,0.070,0.000,0.009
2017-07-13,0.072,0.000,0.015
2017-07-14,0.163,0.000,0.025
2017-07-15,0.040,0.000,0.007
2017-07-16,0.068,0.000,0.009
2017-07-17,0.256,0.000,0.021
2017-07-18,0.068,0.000,0.009
2017-07-19,0.760,0.000,0.050
2017-07-20,0.466,0.000,0.032
2017-07-21,0.776,0.000,0.055
2017-07-22,1.229,0.000,0.156
2017-07-23,0.703,0.000,0.061
2017-07-24,0.444,0.000,0.069
2017-07-25,0.351,0.000,0.070
2017-07-26,3.854,0.000,0.294
2017-07-27,5.210,0.000,0.342
2017-07-28,1.647,0.000,0.127
2017-07-29,0.533,0.000,0.042
2017-07-30,1.028,0.000,0.114
2017-07-31,0.195,0.000,0.020
2017-08-01,1.649,0.000,0.121
2017-08-02,2.353,0.000,0.181
2017-08-03,0.238,0.000,0.024
2017-08-04,0.045,0.000,0.008
2017-08-05,0.213,0.000,0.025
2017-08-06,1.013,0.000,0.104
2017-08-07,0.315,0.000,0.041
2017-08-08,0.078,0.000,0.010
2017-08-09,0.061,0.000,0.011
2017-08-10,0.191,0.000,0.021
2017-08-11,0.442,0.000,0.037
2017-08-12,0.053,0.000,0.008
2017-08-13,0.146,0.000,0.014
2017-08-14,0.066,0.000,0.011
2017-08-15,0.251,0.000,0.022
2017-08-16,0.676,0.000,0.070
2017-08-17,0.451,0.000,0.055
2017-08-18,0.412,0.000,0.052
2017-08-19,0.314,0.000,0.038
2017-08-20,0.105,0.000,0.021
2017-08-21,0.185,0.000,0.026
2017-08-22,0.176,0.000,0.014
2017-08-23,0.074,0.000,0.015
2017-08-24,0.462,0.000,0.030
2017-08-25,2.151,0.000,0.142
2017-08-26,2.007,0.000,0.178
2017-08-27,0.515,0.000,0.120
2017-08-28,2.815,0.000,0.254
2017-08-29,0.100,0.000,0.021
2017-08-30,1.468,0.000,0.100
2017-08-31,0.817,0.000,0.076
2017-09-01,0.348,0.000,0.025
2017-09-02,0.188,0.000,0.015
2017-09-03,0.352,0.000,0.028
2017-09-04,1.302,0.000,0.084
2017-09-05,15.785,0.000,1.029
2017-09-06,4.295,0.000,0.444
2017-09-07,6.069,0.000,0.425
2017-09-08,2.453,0.000,0.163
2017-09-09,1.044,0.000,0.075
2017-09-10,1.312,0.000,0.091
2017-09-11,0.393,0.000,0.058
2017-09-12,0.223,0.000,0.021
2017-09-13,2.486,0.000,0.234
2017-09-14,3.249,0.000,0.360
2017-09-15,1.172,0.000,0.105
2017-09-16,0.618,0.000,0.068
2017-09-17,0.524,0.000,0.050
2017-09-18,1.216,0.000,0.099
2017-09-19,0.776,0.000,0.086
2017-09-20,1.105,0.000,0.101
2017-09-21,0.436,0.000,0.072
2017-09-22,0.342,0.000,0.057
2017-09-23,0.315,0.000,0.037
2017-09-24,0.131,0.000,0.026
2017-09-25,3.532,0.000,0.247
2017-09-26,0.515,0.000,0.062
2017-09-27,3.918,0.000,0.549
2017-09-28,8.874,0.000,0.946
2017-09-29,4.149,0.001,0.647
2017-09-30,3.203,0.000,0.509
2017-10-01,1.137,0.000,0.100
2017-10-02,3.414,0.000,0.269
2017-10-03,8.984,0.000,0.989
2017-10-04,4.160,0.000,0.630
2017-10-05,1.200,0.000,0.134
2017-10-06,8.446,0.000,0.609
2017-10-07,3.271,0.000,0.358
2017-10-08,1.548,0.000,0.368
2017-10-09,3.050,0.000,0.318
2017-10-10,0.866,0.000,0.166
2017-10-11,6.483,0.000,0.775
2017-10-12,3.565,0.000,0.495
2017-10-13,11.765,0.000,1.249
2017-10-14,1.380,0.000,0.370
2017-10-15,2.750,0.000,0.377
2017-10-16,2.749,0.000,0.502
2017-10-17,7.025,0.000,0.902
2017-10-18,3.536,0.000,0.804
2017-10-19,3.112,0.000,0.727
2017-10-20,10.771,0.000,1.783
2017-10-21,5.287,0.000,1.063
2017-10-22,5.583,0.000,0.640
2017-10-23,3.223,0.000,0.443
2017-10-24,2.962,0.000,0.329
2017-10-25,3.487,0.000,0.539
2017-10-26,2.824,0.006,0.913
2017-10-27,8.850,0.019,1.639
2017-10-28,2.750,0.004,0.890
2017-10-29,8.660,0.000,1.350
2017-10-30,8.738,0.000,1.311
2017-10-31,4.886,0.007,1.113
2017-11-01,5.200,0.000,1.343
2017-11-02,2.317,0.000,0.690
2017-11-03,1.536,0.000,0.448
2017-11-04,6.971,0.000,0.992
2017-11-05,2.364,0.000,0.900
2017-11-06,10.848,0.000,2.800
2017-11-07,12.345,0.001,2.179
2017-11-08,14.820,0.003,1.843
2017-11-09,12.692,0.000,1.471
2017-11-10,4.604,0.000,0.834
2017-11-11,2.590,0.000,0.654
2017-11-12,5.838,0.000,1.253
2017-11-13,4.861,0.000,1.182
2017-11-14,4.197,0.000,1.234
2017-11-15,3.893,0.030,1.465
2017-11-16,5.725,0.007,1.213
2017-11-17,4.982,0.005,0.985
2017-11-18,9.499,0.006,1.571
2017-11-19,5.719,0.018,1.781
2017-11-20,18.687,0.017,1.850
2017-11-21,14.422,0.004,2.505
2017-11-22,17.302,0.176,3.295
2017-11-23,4.444,0.016,1.321
2017-11-24,10.547,0.006,2.179
2017-11-25,8.035,0.000,1.292
2017-11-26,1.749,0.000,0.430
2017-11-27,10.416,0.001,1.476
2017-11-28,7.330,0.000,2.039
2017-11-29,4.673,0.006,1.131
2017-11-30,8.504,0.015,1.246
2017-12-01,12.489,0.018,2.154
2017-12-02,7.784,0.000,1.255
2017-12-03,6.140,0.000,1.397
2017-12-04,8.566,0.003,2.208
2017-12-05,3.900,0.006,1.095
2017-12-06,5.961,0.001,1.163
2017-12-07,4.962,0.000,1.504
2017-12-08,7.713,0.017,1.033
2017-12-09,14.792,0.049,2.632
2017-12-10,6.318,0.033,1.540
2017-12-11,11.462,0.042,2.543
2017-12-12,12.587,0.016,2.192
2017-12-13,6.016,0.007,1.709
2017-12-14,6.478,0.000,1.593
2017-12-15,13.561,0.018,2.636
2017-12-16,10.319,0.015,2.144
2017-12-17,10.083,0.005,1.910
2017-12-18,6.711,0.027,1.595
2017-12-19,3.959,0.002,1.251
2017-12-20,7.728,0.002,1.151
2017-12-21,7.542,0.002,1.049
2017-12-22,13.673,0.001,1.217
2017-12-23,2.944,0.001,0.429
2017-12-24,5.720,0.005,1.578
2017-12-25,13.171,0.112,2.349
2017-12-26,8.979,0.054,2.246
2017-12-27,9.037,0.023,2.178
2017-12-28,6.422,0.005,1.402
2017-12-29,12.696,0.005,3.337
2017-12-30,11.302,0.001,1.809
2017-12-31,5.315,0.001,1.427
