date,maximum,minimum,average
2017-01-01,0.050,0.005,0.014
2017-01-02,0.121,0.004,0.018
2017-01-03,0.227,0.005,0.023
2017-01-04,0.063,0.005,0.012
2017-01-05,0.035,0.005,0.011
2017-01-06,0.493,0.005,0.038
2017-01-07,0.085,0.005,0.013
2017-01-08,0.236,0.005,0.027
2017-01-09,0.051,0.005,0.013
2017-01-10,0.210,0.005,0.023
2017-01-11,0.200,0.005,0.025
2017-01-12,0.108,0.005,0.015
2017-01-13,0.019,0.005,0.009
2017-01-14,0.020,0.005,0.009
2017-01-15,3.499,0.005,0.296
2017-01-16,0.126,0.005,0.031
2017-01-17,0.365,0.005,0.052
2017-01-18,3.357,0.005,0.219
2017-01-19,3.288,0.005,0.222
2017-01-20,0.135,0.004,0.017
2017-01-21,5.049,0.004,0.325
2017-01-22,0.198,0.004,0.021
2017-01-23,0.937,0.004,0.073
2017-01-24,0.116,0.004,0.022
2017-01-25,0.108,0.004,0.016
2017-01-26,0.110,0.004,0.025
2017-01-27,0.165,0.004,0.034
2017-01-28,0.477,0.006,0.054
2017-01-29,0.079,0.004,0.021
2017-01-30,0.074,0.004,0.017
2017-01-31,0.904,0.005,0.073
2017-02-01,0.068,0.004,0.013
2017-02-02,0.061,0.005,0.012
2017-02-03,0.070,0.004,0.015
2017-02-04,0.754,0.004,0.069
2017-02-05,0.099,0.004,0.024
2017-02-06,0.283,0.004,0.045
2017-02-07,0.075,0.004,0.014
2017-02-08,0.106,0.005,0.018
2017-02-09,0.131,0.004,0.020
2017-02-10,0.072,0.004,0.011
2017-02-11,0.069,0.004,0.011
2017-02-12,0.210,0.005,0.026
2017-02-13,0.063,0.005,0.015
2017-02-14,0.187,0.005,0.033
2017-02-15,0.057,0.005,0.012
2017-02-16,0.061,0.005,0.015
2017-02-17,0.051,0.005,0.015
2017-02-18,0.049,0.005,0.015
2017-02-19,0.080,0.005,0.015
2017-02-20,0.044,0.005,0.011
2017-02-21,0.170,0.005,0.023
2017-02-22,0.058,0.005,0.016
2017-02-23,0.039,0.005,0.011
2017-02-24,0.197,0.005,0.023
2017-02-25,0.049,0.004,0.013
2017-02-26,0.063,0.004,0.019
2017-02-27,0.042,0.004,0.017
2017-02-28,0.065,0.004,0.015
2017-03-01,0.426,0.004,0.051
2017-03-02,0.032,0.004,0.012
2017-03-03,0.269,0.004,0.028
2017-03-04,0.038,0.004,0.011
2017-03-05,4.818,0.004,0.310
2017-03-06,0.280,0.004,0.026
2017-03-07,0.081,0.004,0.013
2017-03-08,0.067,0.004,0.015
2017-03-09,0.200,0.004,0.024
2017-03-10,1.883,0.004,0.129
2017-03-11,0.074,0.004,0.018
2017-03-12,0.043,0.004,0.012
2017-03-13,0.061,0.004,0.017
2017-03-14,0.051,0.004,0.013
2017-03-15,0.034,0.004,0.011
2017-03-16,0.044,0.004,0.013
2017-03-17,0.079,0.004,0.015
2017-03-18,0.171,0.004,0.024
2017-03-19,0.137,0.004,0.017
2017-03-20,0.871,0.004,0.064
2017-03-21,0.035,0.004,0.013
2017-03-22,0.030,0.004,0.010
2017-03-23,0.030,0.004,0.013
2017-03-24,0.583,0.004,0.045
2017-03-25,0.087,0.004,0.014
2017-03-26,0.040,0.004,0.012
2017-03-27,0.157,0.004,0.018
2017-03-28,1.012,0.003,0.072
2017-03-29,0.067,0.004,0.012
2017-03-30,0.161,0.003,0.022
2017-03-31,0.065,0.005,0.017
2017-04-01,0.050,0.003,0.010
2017-04-02,0.020,0.003,0.009
2017-04-03,0.023,0.003,0.008
2017-04-04,0.114,0.003,0.022
2017-04-05,0.683,0.003,0.052
2017-04-06,0.068,0.003,0.012
2017-04-07,0.249,0.003,0.025
2017-04-08,0.019,0.004,0.009
2017-04-09,0.019,0.004,0.008
2017-04-10,0.018,0.003,0.007
2017-04-11,0.805,0.003,0.057
2017-04-12,0.021,0.003,0.008
2017-04-13,0.630,0.004,0.049
2017-04-14,0.060,0.004,0.011
2017-04-15,0.018,0.003,0.007
2017-04-16,0.018,0.003,0.007
2017-04-17,0.069,0.003,0.011
2017-04-18,0.021,0.003,0.008
2017-04-19,0.094,0.003,0.015
2017-04-20,0.029,0.003,0.009
2017-04-21,0.052,0.004,0.013
2017-04-22,0.017,0.003,0.007
2017-04-23,0.085,0.003,0.012
2017-04-24,0.024,0.003,0.008
2017-04-25,0.016,0.003,0.006
2017-04-26,0.016,0.003,0.007
2017-04-27,0.016,0.003,0.006
2017-04-28,0.016,0.003,0.006
2017-04-29,0.016,0.003,0.007
2017-04-30,0.022,0.003,0.007
2017-05-01,0.056,0.003,0.010
2017-05-02,0.016,0.003,0.006
2017-05-03,0.015,0.003,0.006
2017-05-04,0.056,0.003,0.009
2017-05-05,0.016,0.003,0.006
2017-05-06,0.015,0.003,0.006
2017-05-07,0.015,0.003,0.006
2017-05-08,0.061,0.003,0.009
2017-05-09,0.015,0.003,0.006
2017-05-10,0.015,0.003,0.006
2017-05-11,0.029,0.003,0.007
2017-05-12,0.015,0.003,0.006
2017-05-13,0.015,0.003,0.006
2017-05-14,0.015,0.003,0.006
2017-05-15,0.015,0.003,0.005
2017-05-16,0.015,0.003,0.005
2017-05-17,0.014,0.003,0.006
2017-05-18,0.014,0.003,0.006
2017-05-19,0.014,0.003,0.005
2017-05-20,0.342,0.003,0.027
2017-05-21,0.064,0.003,0.009
2017-05-22,0.014,0.003,0.005
2017-05-23,0.014,0.003,0.005
2017-05-24,0.014,0.003,0.005
2017-05-25,0.014,0.003,0.005
2017-05-26,0.014,0.003,0.005
2017-05-27,0.014,0.003,0.005
2017-05-28,0.014,0.003,0.005
2017-05-29,0.014,0.003,0.005
2017-05-30,0.014,0.003,0.005
2017-05-31,0.014,0.003,0.005
2017-06-01,0.013,0.003,0.005
2017-06-02,0.013,0.003,0.005
2017-06-03,0.013,0.003,0.005
2017-06-04,0.013,0.003,0.005
2017-06-05,0.016,0.003,0.006
2017-06-06,0.013,0.003,0.005
2017-06-07,0.013,0.003,0.005
2017-06-08,0.013,0.003,0.005
2017-06-09,0.016,0.003,0.006
2017-06-10,0.013,0.003,0.005
2017-06-11,0.031,0.003,0.007
2017-06-12,0.013,0.003,0.005
2017-06-13,0.013,0.003,0.005
2017-06-14,0.013,0.003,0.005
2017-06-15,0.013,0.003,0.005
2017-06-16,0.013,0.003,0.005
2017-06-17,0.012,0.002,0.005
2017-06-18,0.012,0.002,0.005
2017-06-19,0.012,0.002,0.005
2017-06-20,0.012,0.002,0.005
2017-06-21,0.012,0.002,0.005
2017-06-22,0.012,0.002,0.005
2017-06-23,0.012,0.002,0.005
2017-06-24,0.012,0.002,0.005
2017-06-25,0.059,0.002,0.008
2017-06-26,0.012,0.002,0.004
2017-06-27,0.012,0.002,0.004
2017-06-28,0.012,0.002,0.005
2017-06-29,0.012,0.002,0.004
2017-06-30,0.012,0.002,0.004
2017-07-01,0.012,0.002,0.005
2017-07-02,0.012,0.002,0.004
2017-07-03,0.012,0.002,0.004
2017-07-04,0.267,0.002,0.021
2017-07-05,0.012,0.002,0.005
2017-07-06,0.012,0.002,0.004
2017-07-07,0.012,0.002,0.004
2017-07-08,0.028,0.002,0.006
2017-07-09,0.011,0.002,0.004
2017-07-10,0.011,0.002,0.005
2017-07-11,0.011,0.002,0.004
2017-07-12,0.012,0.002,0.004
2017-07-13,0.011,0.002,0.004
2017-07-14,0.011,0.002,0.005
2017-07-15,0.011,0.002,0.004
2017-07-16,0.011,0.002,0.004
2017-07-17,0.011,0.003,0.005
2017-07-18,0.011,0.002,0.004
2017-07-19,0.011,0.002,0.004
2017-07-20,0.011,0.002,0.004
2017-07-21,0.011,0.002,0.004
2017-07-22,0.028,0.003,0.006
2017-07-23,0.463,0.003,0.033
2017-07-24,0.011,0.003,0.005
2017-07-25,0.011,0.002,0.004
2017-07-26,0.056,0.002,0.008
2017-07-27,0.121,0.003,0.012
2017-07-28,0.352,0.003,0.026
2017-07-29,0.011,0.003,0.005
2017-07-30,0.011,0.003,0.004
2017-07-31,0.011,0.003,0.004
2017-08-01,0.011,0.003,0.004
2017-08-02,0.246,0.003,0.022
2017-08-03,0.011,0.003,0.005
2017-08-04,0.010,0.002,0.004
2017-08-05,0.128,0.002,0.012
2017-08-06,0.010,0.002,0.004
2017-08-07,0.010,0.002,0.004
2017-08-08,0.010,0.002,0.004
2017-08-09,0.010,0.002,0.004
2017-08-10,0.015,0.002,0.004
2017-08-11,0.010,0.002,0.004
2017-08-12,0.010,0.002,0.004
2017-08-13,0.010,0.002,0.004
2017-08-14,0.010,0.002,0.004
2017-08-15,0.024,0.002,0.005
2017-08-16,0.010,0.002,0.004
2017-08-17,0.010,0.003,0.004
2017-08-18,0.024,0.002,0.005
2017-08-19,0.012,0.002,0.004
2017-08-20,0.010,0.002,0.004
2017-08-21,0.010,0.002,0.004
2017-08-22,0.010,0.002,0.004
2017-08-23,0.010,0.002,0.004
2017-08-24,0.010,0.002,0.004
2017-08-25,0.070,0.002,0.008
2017-08-26,0.010,0.002,0.004
2017-08-27,0.010,0.002,0.004
2017-08-28,0.014,0.002,0.005
2017-08-29,0.013,0.002,0.004
2017-08-30,0.010,0.002,0.004
2017-08-31,0.010,0.002,0.004
2017-09-01,0.010,0.002,0.004
2017-09-02,0.010,0.002,0.004
2017-09-03,0.010,0.002,0.004
2017-09-04,0.010,0.002,0.004
2017-09-05,0.100,0.002,0.010
2017-09-06,0.150,0.002,0.015
2017-09-07,0.203,0.002,0.017
2017-09-08,0.406,0.002,0.029
2017-09-09,0.009,0.002,0.004
2017-09-10,0.009,0.002,0.004
2017-09-11,0.009,0.002,0.004
2017-09-12,0.010,0.002,0.004
2017-09-13,0.047,0.002,0.007
2017-09-14,0.031,0.002,0.006
2017-09-15,0.009,0.002,0.004
2017-09-16,0.044,0.002,0.006
2017-09-17,0.009,0.002,0.004
2017-09-18,0.034,0.002,0.006
2017-09-19,0.009,0.002,0.004
2017-09-20,0.009,0.002,0.004
2017-09-21,0.009,0.002,0.004
2017-09-22,0.009,0.002,0.004
2017-09-23,0.009,0.002,0.004
2017-09-24,0.009,0.002,0.004
2017-09-25,0.009,0.002,0.004
2017-09-26,0.009,0.002,0.004
2017-09-27,0.010,0.002,0.004
2017-09-28,0.226,0.002,0.020
2017-09-29,0.023,0.002,0.006
2017-09-30,0.240,0.002,0.023
2017-10-01,0.079,0.002,0.011
2017-10-02,0.009,0.002,0.004
2017-10-03,0.225,0.002,0.019
2017-10-04,0.010,0.002,0.005
2017-10-05,0.019,0.002,0.005
2017-10-06,0.009,0.002,0.004
2017-10-07,0.032,0.002,0.007
2017-10-08,0.034,0.002,0.009
2017-10-09,0.009,0.002,0.004
2017-10-10,0.009,0.002,0.004
2017-10-11,0.009,0.002,0.004
2017-10-12,0.210,0.002,0.018
2017-10-13,0.037,0.002,0.008
2017-10-14,0.039,0.002,0.006
2017-10-15,0.010,0.002,0.005
2017-10-16,0.021,0.002,0.006
2017-10-17,0.033,0.002,0.009
2017-10-18,0.137,0.002,0.014
2017-10-19,0.044,0.002,0.008
2017-10-20,0.160,0.002,0.019
2017-10-21,0.072,0.002,0.013
2017-10-22,0.317,0.002,0.030
2017-10-23,0.029,0.002,0.007
2017-10-24,0.015,0.002,0.005
2017-10-25,0.024,0.002,0.006
2017-10-26,0.012,0.002,0.006
2017-10-27,0.215,0.002,0.022
2017-10-28,0.138,0.002,0.017
2017-10-29,0.125,0.002,0.023
2017-10-30,0.321,0.003,0.027
2017-10-31,0.116,0.002,0.014
2017-11-01,0.039,0.002,0.010
2017-11-02,0.014,0.002,0.005
2017-11-03,0.010,0.002,0.005
2017-11-04,0.035,0.002,0.007
2017-11-05,0.040,0.003,0.010
2017-11-06,0.247,0.002,0.034
2017-11-07,0.077,0.003,0.016
2017-11-08,0.014,0.002,0.006
2017-11-09,0.197,0.002,0.018
2017-11-10,0.027,0.003,0.007
2017-11-11,0.089,0.002,0.012
2017-11-12,0.095,0.002,0.013
2017-11-13,0.029,0.002,0.007
2017-11-14,0.057,0.003,0.012
2017-11-15,0.082,0.003,0.014
2017-11-16,0.281,0.003,0.041
2017-11-17,0.033,0.003,0.009
2017-11-18,0.071,0.002,0.018
2017-11-19,0.292,0.002,0.028
2017-11-20,0.275,0.003,0.024
2017-11-21,0.775,0.003,0.065
2017-11-22,0.156,0.003,0.035
2017-11-23,0.049,0.002,0.010
2017-11-24,0.160,0.002,0.029
2017-11-25,0.065,0.002,0.013
2017-11-26,0.018,0.002,0.007
2017-11-27,0.024,0.002,0.008
2017-11-28,0.036,0.003,0.010
2017-11-29,0.178,0.003,0.022
2017-11-30,0.033,0.003,0.009
2017-12-01,0.092,0.003,0.016
2017-12-02,0.042,0.003,0.011
2017-12-03,0.119,0.003,0.016
2017-12-04,0.575,0.003,0.059
2017-12-05,0.050,0.003,0.013
2017-12-06,0.134,0.003,0.021
2017-12-07,0.023,0.003,0.007
2017-12-08,0.033,0.003,0.013
2017-12-09,0.021,0.004,0.009
2017-12-10,0.022,0.004,0.009
2017-12-11,0.310,0.003,0.054
2017-12-12,0.213,0.003,0.023
2017-12-13,0.079,0.004,0.014
2017-12-14,0.056,0.004,0.014
2017-12-15,0.055,0.004,0.021
2017-12-16,0.279,0.004,0.033
2017-12-17,0.071,0.003,0.015
2017-12-18,0.309,0.003,0.057
2017-12-19,0.057,0.003,0.012
2017-12-20,0.122,0.003,0.015
2017-12-21,0.258,0.003,0.026
2017-12-22,0.126,0.003,0.016
2017-12-23,0.015,0.004,0.008
2017-12-24,0.252,0.004,0.028
2017-12-25,0.026,0.005,0.011
2017-12-26,0.195,0.004,0.024
2017-12-27,0.217,0.004,0.026
2017-12-28,0.029,0.005,0.011
2017-12-29,4.066,0.004,0.335
2017-12-30,0.418,0.005,0.039
2017-12-31,0.209,0.005,0.022
