date,maximum,minimum,average
2017-01-01,0.263,0.000,0.044
2017-01-02,0.236,0.000,0.036
2017-01-03,0.855,0.000,0.093
2017-01-04,1.951,0.000,0.144
2017-01-05,2.843,0.000,0.179
2017-01-06,0.223,0.000,0.029
2017-01-07,2.076,0.000,0.190
2017-01-08,0.399,0.000,0.066
2017-01-09,4.581,0.000,0.328
2017-01-10,3.922,0.000,0.329
2017-01-11,0.512,0.000,0.115
2017-01-12,1.233,0.000,0.198
2017-01-13,2.513,0.000,0.254
2017-01-14,0.872,0.000,0.123
2017-01-15,0.141,0.000,0.032
2017-01-16,0.801,0.000,0.120
2017-01-17,0.572,0.000,0.072
2017-01-18,0.678,0.000,0.056
2017-01-19,0.672,0.000,0.058
2017-01-20,0.288,0.000,0.033
2017-01-21,0.337,0.000,0.048
2017-01-22,2.261,0.000,0.234
2017-01-23,0.808,0.000,0.086
2017-01-24,0.234,0.000,0.034
2017-01-25,0.201,0.000,0.024
2017-01-26,0.540,0.000,0.089
2017-01-27,1.497,0.000,0.145
2017-01-28,0.470,0.000,0.083
2017-01-29,0.112,0.000,0.017
2017-01-30,0.028,0.000,0.004
2017-01-31,0.217,0.000,0.014
2017-02-01,0.116,0.000,0.018
2017-02-02,0.417,0.000,0.030
2017-02-03,0.500,0.000,0.064
2017-02-04,0.553,0.000,0.069
2017-02-05,0.090,0.000,0.013
2017-02-06,1.244,0.000,0.107
2017-02-07,12.717,0.000,0.808
2017-02-08,0.768,0.000,0.076
2017-02-09,0.186,0.000,0.015
2017-02-10,0.078,0.000,0.011
2017-02-11,1.184,0.000,0.098
2017-02-12,0.641,0.000,0.062
2017-02-13,1.406,0.000,0.123
2017-02-14,0.144,0.000,0.019
2017-02-15,3.252,0.000,0.226
2017-02-16,0.418,0.000,0.048
2017-02-17,0.078,0.000,0.011
2017-02-18,0.130,0.000,0.009
2017-02-19,0.222,0.000,0.016
2017-02-20,1.671,0.000,0.105
2017-02-21,0.950,0.000,0.094
2017-02-22,0.326,0.000,0.031
2017-02-23,0.055,0.000,0.004
2017-02-24,0.047,0.000,0.003
2017-02-25,0.039,0.000,0.004
2017-02-26,0.046,0.000,0.006
2017-02-27,1.513,0.000,0.096
2017-02-28,1.711,0.000,0.113
2017-03-01,0.200,0.000,0.013
2017-03-02,0.387,0.000,0.039
2017-03-03,0.283,0.000,0.023
2017-03-04,0.283,0.000,0.021
2017-03-05,1.116,0.000,0.071
2017-03-06,0.230,0.000,0.026
2017-03-07,0.310,0.000,0.025
2017-03-08,0.246,0.000,0.022
2017-03-09,0.128,0.000,0.014
2017-03-10,0.043,0.000,0.006
2017-03-11,0.111,0.000,0.008
2017-03-12,0.030,0.000,0.004
2017-03-13,0.187,0.000,0.015
2017-03-14,0.057,0.000,0.004
2017-03-15,0.101,0.000,0.009
2017-03-16,0.522,0.000,0.041
2017-03-17,0.483,0.000,0.049
2017-03-18,0.116,0.000,0.014
2017-03-19,0.130,0.000,0.009
2017-03-20,0.036,0.000,0.004
2017-03-21,0.058,0.000,0.004
2017-03-22,0.012,0.000,0.002
2017-03-23,0.063,0.000,0.007
2017-03-24,0.469,0.000,0.033
2017-03-25,0.198,0.000,0.019
2017-03-26,0.191,0.000,0.026
2017-03-27,0.096,0.000,0.008
2017-03-28,0.228,0.000,0.021
2017-03-29,5.340,0.000,0.420
2017-03-30,0.354,0.000,0.034
2017-03-31,1.422,0.000,0.106
2017-04-01,1.373,0.000,0.108
2017-04-02,0.352,0.000,0.024
2017-04-03,0.222,0.000,0.017
2017-04-04,0.275,0.000,0.030
2017-04-05,0.038,0.000,0.005
2017-04-06,0.038,0.000,0.004
2017-04-07,0.155,0.000,0.017
2017-04-08,1.537,0.000,0.161
2017-04-09,1.435,0.000,0.152
2017-04-10,0.035,0.000,0.006
2017-04-11,0.337,0.000,0.049
2017-04-12,0.759,0.000,0.072
2017-04-13,0.479,0.000,0.069
2017-04-14,1.777,0.000,0.145
2017-04-15,0.348,0.000,0.042
2017-04-16,0.107,0.000,0.009
2017-04-17,1.472,0.000,0.203
2017-04-18,1.622,0.000,0.185
2017-04-19,0.887,0.000,0.092
2017-04-20,0.422,0.000,0.055
2017-04-21,0.555,0.000,0.057
2017-04-22,0.340,0.000,0.075
2017-04-23,1.335,0.000,0.210
2017-04-24,2.987,0.000,0.389
2017-04-25,2.707,0.000,0.228
2017-04-26,0.653,0.000,0.144
2017-04-27,0.186,0.000,0.043
2017-04-28,0.629,0.000,0.159
2017-04-29,0.563,0.000,0.124
2017-04-30,0.460,0.000,0.070
2017-05-01,0.761,0.000,0.071
2017-05-02,0.344,0.000,0.089
2017-05-03,2.429,0.000,0.279
2017-05-04,0.620,0.000,0.099
2017-05-05,1.984,0.000,0.187
2017-05-06,2.123,0.000,0.314
2017-05-07,2.827,0.000,0.310
2017-05-08,0.751,0.000,0.162
2017-05-09,2.770,0.000,0.365
2017-05-10,2.475,0.000,0.261
2017-05-11,1.055,0.000,0.189
2017-05-12,1.061,0.000,0.154
2017-05-13,0.398,0.000,0.078
2017-05-14,0.838,0.000,0.145
2017-05-15,4.497,0.000,0.492
2017-05-16,9.433,0.000,1.376
2017-05-17,4.525,0.000,0.735
2017-05-18,1.769,0.000,0.382
2017-05-19,3.280,0.010,0.746
2017-05-20,8.067,0.002,1.513
2017-05-21,2.403,0.000,0.696
2017-05-22,15.090,0.003,1.730
2017-05-23,5.339,0.000,0.520
2017-05-24,7.909,0.000,1.125
2017-05-25,2.819,0.000,0.744
2017-05-26,29.059,0.000,2.151
2017-05-27,3.363,0.004,0.569
2017-05-28,9.526,0.000,1.061
2017-05-29,10.959,0.000,1.028
2017-05-30,0.936,0.000,0.133
2017-05-31,3.316,0.001,1.025
2017-06-01,12.234,0.000,2.539
2017-06-02,7.343,0.019,1.181
2017-06-03,30.726,0.000,3.433
2017-06-04,6.335,0.000,0.833
2017-06-05,18.915,0.000,2.120
2017-06-06,11.148,0.000,2.123
2017-06-07,15.802,0.000,3.289
2017-06-08,8.603,0.000,2.293
2017-06-09,18.150,0.000,2.511
2017-06-10,10.328,0.001,1.707
2017-06-11,15.958,0.000,2.302
2017-06-12,17.219,0.000,2.543
2017-06-13,12.736,0.001,3.419
2017-06-14,72.510,0.158,6.476
2017-06-15,14.091,0.001,3.503
2017-06-16,9.498,0.023,1.255
2017-06-17,12.489,0.002,2.098
2017-06-18,12.473,0.009,2.753
2017-06-19,14.572,0.014,1.736
2017-06-20,13.958,0.000,2.391
2017-06-21,26.037,0.008,4.437
2017-06-22,33.257,0.000,3.357
2017-06-23,11.522,0.043,1.913
2017-06-24,35.713,0.003,4.037
2017-06-25,26.124,0.000,4.725
2017-06-26,18.970,0.004,2.465
2017-06-27,16.476,0.002,3.762
2017-06-28,20.083,0.012,4.151
2017-06-29,9.752,0.000,2.511
2017-06-30,22.668,0.004,4.360
2017-07-01,15.072,0.021,2.957
2017-07-02,38.507,0.021,5.006
2017-07-03,11.396,0.306,2.896
2017-07-04,21.962,0.025,4.350
2017-07-05,13.980,0.070,2.132
2017-07-06,24.970,0.001,3.419
2017-07-07,12.083,0.005,1.834
2017-07-08,9.865,0.000,1.961
2017-07-09,6.575,0.003,1.590
2017-07-10,25.362,0.007,4.242
2017-07-11,16.022,0.007,3.120
2017-07-12,22.581,0.000,2.903
2017-07-13,23.241,0.022,7.886
2017-07-14,3.634,0.028,0.791
2017-07-15,16.901,0.016,3.431
2017-07-16,7.147,0.000,1.444
2017-07-17,8.766,0.000,1.753
2017-07-18,6.681,0.000,1.401
2017-07-19,26.007,0.002,4.002
2017-07-20,63.662,0.045,5.521
2017-07-21,25.956,0.027,5.918
2017-07-22,25.058,0.072,3.198
2017-07-23,7.674,0.002,2.075
2017-07-24,114.143,0.000,9.398
2017-07-25,13.766,0.129,2.976
2017-07-26,12.453,0.005,3.513
2017-07-27,14.070,0.000,3.019
2017-07-28,16.798,0.001,3.653
2017-07-29,5.085,0.000,1.156
2017-07-30,40.477,0.000,4.242
2017-07-31,26.174,0.061,4.346
2017-08-01,12.533,0.041,2.738
2017-08-02,18.440,0.000,2.896
2017-08-03,9.706,0.001,2.405
2017-08-04,5.828,0.008,1.178
2017-08-05,33.475,0.000,5.671
2017-08-06,13.143,0.048,3.048
2017-08-07,10.451,0.025,1.422
2017-08-08,26.683,0.012,5.877
2017-08-09,22.624,0.000,3.643
2017-08-10,6.024,0.006,1.906
2017-08-11,26.682,0.008,5.493
2017-08-12,9.706,0.014,2.490
2017-08-13,14.951,0.129,4.019
2017-08-14,10.690,0.034,3.120
2017-08-15,5.504,0.055,1.648
2017-08-16,15.946,0.006,4.250
2017-08-17,31.620,0.024,4.880
2017-08-18,6.063,0.009,1.671
2017-08-19,15.054,0.001,4.328
2017-08-20,14.670,0.002,3.931
2017-08-21,20.605,0.093,4.439
2017-08-22,40.390,0.085,6.101
2017-08-23,9.994,0.014,3.348
2017-08-24,25.925,0.000,3.806
2017-08-25,17.472,0.038,4.514
2017-08-26,16.940,0.028,3.099
2017-08-27,13.660,0.025,3.015
2017-08-28,23.333,0.114,6.023
2017-08-29,18.432,0.059,5.057
2017-08-30,17.157,0.001,2.669
2017-08-31,9.437,0.018,2.782
2017-09-01,12.363,0.046,3.162
2017-09-02,28.667,0.006,3.449
2017-09-03,30.826,0.042,5.283
2017-09-04,13.314,0.108,2.770
2017-09-05,10.200,0.015,2.019
2017-09-06,13.462,0.055,3.111
2017-09-07,27.423,0.144,5.650
2017-09-08,16.742,0.026,4.714
2017-09-09,12.047,0.004,3.322
2017-09-10,6.070,0.007,2.015
2017-09-11,20.626,0.007,3.391
2017-09-12,43.705,0.000,3.857
2017-09-13,19.319,0.029,4.045
2017-09-14,9.021,0.147,2.781
2017-09-15,9.610,0.006,1.548
2017-09-16,18.824,0.063,4.407
2017-09-17,10.994,0.004,2.946
2017-09-18,17.481,0.007,4.233
2017-09-19,9.624,0.005,2.593
2017-09-20,13.854,0.005,3.904
2017-09-21,9.411,0.002,2.075
2017-09-22,11.077,0.036,2.689
2017-09-23,10.386,0.408,2.337
2017-09-24,6.407,0.159,2.697
2017-09-25,19.854,0.008,3.207
2017-09-26,12.975,0.004,2.219
2017-09-27,15.146,0.008,3.869
2017-09-28,26.079,0.010,3.974
2017-09-29,23.018,0.001,2.674
2017-09-30,16.540,0.001,2.523
2017-10-01,11.912,0.004,2.974
2017-10-02,5.991,0.000,1.742
2017-10-03,11.154,0.000,1.285
2017-10-04,2.391,0.019,0.646
2017-10-05,5.176,0.000,0.992
2017-10-06,22.717,0.001,2.579
2017-10-07,37.951,0.000,3.821
2017-10-08,8.779,0.000,1.801
2017-10-09,6.804,0.005,0.878
2017-10-10,3.083,0.000,0.781
2017-10-11,3.193,0.005,0.947
2017-10-12,8.662,0.007,1.285
2017-10-13,10.436,0.004,1.803
2017-10-14,25.903,0.004,3.417
2017-10-15,11.305,0.000,1.844
2017-10-16,1.673,0.000,0.561
2017-10-17,8.423,0.000,1.327
2017-10-18,7.414,0.018,1.009
2017-10-19,2.323,0.005,1.075
2017-10-20,9.834,0.007,1.705
2017-10-21,3.608,0.000,0.865
2017-10-22,2.586,0.006,0.739
2017-10-23,7.594,0.006,1.401
2017-10-24,9.030,0.000,1.163
2017-10-25,20.741,0.000,1.713
2017-10-26,5.954,0.000,0.739
2017-10-27,4.427,0.000,0.456
2017-10-28,7.518,0.001,0.781
2017-10-29,3.073,0.015,0.719
2017-10-30,4.045,0.000,0.615
2017-10-31,5.159,0.001,0.762
2017-11-01,2.247,0.000,0.367
2017-11-02,8.436,0.000,1.109
2017-11-03,2.667,0.006,0.597
2017-11-04,1.966,0.000,0.284
2017-11-05,0.452,0.000,0.113
2017-11-06,0.369,0.000,0.058
2017-11-07,5.965,0.000,0.436
2017-11-08,4.986,0.000,0.432
2017-11-09,4.340,0.000,0.390
2017-11-10,0.750,0.000,0.088
2017-11-11,0.458,0.000,0.077
2017-11-12,1.591,0.000,0.170
2017-11-13,1.945,0.000,0.319
2017-11-14,1.822,0.000,0.165
2017-11-15,0.679,0.000,0.086
2017-11-16,0.663,0.000,0.089
2017-11-17,0.675,0.000,0.077
2017-11-18,0.569,0.000,0.064
2017-11-19,0.363,0.000,0.033
2017-11-20,0.834,0.000,0.128
2017-11-21,1.300,0.000,0.201
2017-11-22,0.751,0.000,0.126
2017-11-23,0.642,0.000,0.082
2017-11-24,0.536,0.000,0.083
2017-11-25,0.274,0.000,0.046
2017-11-26,0.501,0.000,0.052
2017-11-27,0.910,0.000,0.114
2017-11-28,0.562,0.000,0.065
2017-11-29,1.703,0.000,0.143
2017-11-30,0.816,0.000,0.139
2017-12-01,1.286,0.000,0.200
2017-12-02,0.375,0.000,0.076
2017-12-03,0.866,0.000,0.118
2017-12-04,0.282,0.000,0.041
2017-12-05,0.473,0.000,0.065
2017-12-06,0.664,0.000,0.095
2017-12-07,0.912,0.000,0.134
2017-12-08,0.988,0.000,0.092
2017-12-09,1.595,0.000,0.250
2017-12-10,1.408,0.000,0.103
2017-12-11,0.507,0.000,0.116
2017-12-12,1.195,0.000,0.146
2017-12-13,2.105,0.000,0.262
2017-12-14,0.387,0.000,0.055
2017-12-15,0.429,0.000,0.078
2017-12-16,0.460,0.000,0.084
2017-12-17,0.592,0.000,0.118
2017-12-18,0.337,0.000,0.050
2017-12-19,0.161,0.000,0.020
2017-12-20,0.589,0.000,0.042
2017-12-21,0.113,0.000,0.019
2017-12-22,0.264,0.000,0.034
2017-12-23,0.204,0.000,0.015
2017-12-24,1.157,0.000,0.147
2017-12-25,0.170,0.000,0.024
2017-12-26,0.828,0.000,0.057
2017-12-27,0.257,0.000,0.055
2017-12-28,0.257,0.000,0.034
2017-12-29,6.641,0.000,0.443
2017-12-30,3.019,0.000,0.229
2017-12-31,2.476,0.000,0.190
