date,maximum,minimum,average
2017-01-01,0.038,0.001,0.010
2017-01-02,0.022,0.001,0.007
2017-01-03,0.024,0.001,0.008
2017-01-04,0.021,0.001,0.007
2017-01-05,0.021,0.001,0.007
2017-01-06,0.021,0.001,0.007
2017-01-07,0.025,0.001,0.007
2017-01-08,0.035,0.001,0.010
2017-01-09,0.046,0.001,0.009
2017-01-10,0.020,0.001,0.007
2017-01-11,0.118,0.001,0.014
2017-01-12,0.019,0.001,0.007
2017-01-13,0.019,0.001,0.007
2017-01-14,0.019,0.001,0.007
2017-01-15,0.018,0.001,0.007
2017-01-16,0.018,0.001,0.007
2017-01-17,0.018,0.001,0.007
2017-01-18,0.018,0.001,0.007
2017-01-19,0.017,0.001,0.006
2017-01-20,2.830,0.001,0.183
2017-01-21,0.105,0.001,0.013
2017-01-22,0.060,0.001,0.011
2017-01-23,0.054,0.001,0.010
2017-01-24,0.047,0.001,0.009
2017-01-25,0.040,0.001,0.009
2017-01-26,0.034,0.001,0.008
2017-01-27,0.030,0.001,0.008
2017-01-28,0.026,0.001,0.008
2017-01-29,0.023,0.001,0.008
2017-01-30,0.020,0.001,0.007
2017-01-31,0.018,0.001,0.006
2017-02-01,0.016,0.001,0.006
2017-02-02,0.034,0.001,0.008
2017-02-03,0.027,0.001,0.008
2017-02-04,0.015,0.001,0.006
2017-02-05,0.035,0.001,0.008
2017-02-06,0.014,0.001,0.006
2017-02-07,0.014,0.001,0.006
2017-02-08,0.018,0.001,0.007
2017-02-09,0.023,0.001,0.008
2017-02-10,0.720,0.001,0.051
2017-02-11,0.135,0.001,0.019
2017-02-12,0.104,0.001,0.012
2017-02-13,0.111,0.001,0.013
2017-02-14,0.067,0.001,0.010
2017-02-15,0.060,0.001,0.013
2017-02-16,0.165,0.001,0.016
2017-02-17,0.092,0.001,0.020
2017-02-18,0.046,0.001,0.009
2017-02-19,0.087,0.002,0.016
2017-02-20,0.045,0.001,0.009
2017-02-21,0.040,0.001,0.009
2017-02-22,0.117,0.001,0.017
2017-02-23,0.123,0.001,0.015
2017-02-24,0.033,0.001,0.008
2017-02-25,0.031,0.001,0.007
2017-02-26,0.070,0.001,0.014
2017-02-27,0.152,0.001,0.016
2017-02-28,0.152,0.001,0.019
2017-03-01,0.027,0.001,0.008
2017-03-02,0.028,0.001,0.008
2017-03-03,0.051,0.001,0.009
2017-03-04,0.028,0.001,0.009
2017-03-05,0.097,0.001,0.013
2017-03-06,0.073,0.001,0.014
2017-03-07,0.218,0.001,0.027
2017-03-08,0.024,0.001,0.007
2017-03-09,0.480,0.001,0.037
2017-03-10,0.059,0.001,0.012
2017-03-11,1.855,0.001,0.139
2017-03-12,0.113,0.001,0.019
2017-03-13,0.137,0.001,0.018
2017-03-14,0.139,0.001,0.023
2017-03-15,0.132,0.001,0.022
2017-03-16,0.125,0.001,0.021
2017-03-17,0.117,0.001,0.022
2017-03-18,0.212,0.001,0.035
2017-03-19,0.102,0.001,0.020
2017-03-20,0.097,0.001,0.020
2017-03-21,0.087,0.001,0.021
2017-03-22,0.125,0.001,0.023
2017-03-23,0.078,0.001,0.014
2017-03-24,0.073,0.001,0.017
2017-03-25,0.234,0.001,0.025
2017-03-26,0.148,0.001,0.023
2017-03-27,0.190,0.001,0.031
2017-03-28,0.552,0.001,0.046
2017-03-29,0.217,0.001,0.029
2017-03-30,0.179,0.001,0.025
2017-03-31,0.146,0.001,0.020
2017-04-01,0.128,0.001,0.026
2017-04-02,0.113,0.001,0.019
2017-04-03,0.103,0.001,0.024
2017-04-04,0.095,0.001,0.017
2017-04-05,0.092,0.001,0.021
2017-04-06,0.087,0.001,0.023
2017-04-07,0.083,0.001,0.016
2017-04-08,0.268,0.001,0.035
2017-04-09,0.074,0.001,0.016
2017-04-10,0.405,0.001,0.054
2017-04-11,0.074,0.001,0.020
2017-04-12,0.069,0.001,0.019
2017-04-13,0.071,0.001,0.019
2017-04-14,0.311,0.001,0.040
2017-04-15,0.065,0.002,0.018
2017-04-16,0.054,0.001,0.016
2017-04-17,0.228,0.001,0.037
2017-04-18,0.390,0.001,0.038
2017-04-19,0.125,0.001,0.018
2017-04-20,0.352,0.001,0.036
2017-04-21,0.068,0.001,0.020
2017-04-22,2.334,0.001,0.171
2017-04-23,0.146,0.001,0.032
2017-04-24,0.202,0.001,0.033
2017-04-25,0.219,0.001,0.028
2017-04-26,0.209,0.001,0.026
2017-04-27,0.356,0.001,0.051
2017-04-28,0.199,0.001,0.044
2017-04-29,0.198,0.002,0.027
2017-04-30,0.827,0.001,0.115
2017-05-01,0.133,0.001,0.026
2017-05-02,0.124,0.001,0.028
2017-05-03,0.123,0.001,0.029
2017-05-04,0.311,0.001,0.053
2017-05-05,0.120,0.001,0.038
2017-05-06,0.152,0.001,0.035
2017-05-07,0.157,0.001,0.038
2017-05-08,0.127,0.001,0.035
2017-05-09,0.120,0.002,0.039
2017-05-10,0.125,0.001,0.037
2017-05-11,0.111,0.001,0.030
2017-05-12,0.151,0.001,0.035
2017-05-13,0.104,0.001,0.028
2017-05-14,0.099,0.001,0.029
2017-05-15,0.087,0.001,0.033
2017-05-16,0.084,0.001,0.025
2017-05-17,0.102,0.001,0.032
2017-05-18,0.157,0.001,0.035
2017-05-19,0.096,0.001,0.028
2017-05-20,0.109,0.001,0.033
2017-05-21,0.806,0.001,0.074
2017-05-22,0.243,0.001,0.050
2017-05-23,0.331,0.001,0.039
2017-05-24,0.231,0.001,0.034
2017-05-25,0.623,0.001,0.099
2017-05-26,0.276,0.001,0.048
2017-05-27,0.289,0.001,0.051
2017-05-28,0.345,0.001,0.047
2017-05-29,0.260,0.001,0.045
2017-05-30,0.326,0.001,0.068
2017-05-31,0.237,0.001,0.039
2017-06-01,0.226,0.001,0.041
2017-06-02,0.216,0.001,0.040
2017-06-03,0.201,0.002,0.044
2017-06-04,0.271,0.002,0.053
2017-06-05,0.598,0.001,0.063
2017-06-06,0.206,0.001,0.042
2017-06-07,0.217,0.001,0.055
2017-06-08,0.219,0.001,0.041
2017-06-09,0.216,0.002,0.039
2017-06-10,0.247,0.001,0.040
2017-06-11,1.492,0.001,0.142
2017-06-12,0.804,0.001,0.074
2017-06-13,0.697,0.001,0.077
2017-06-14,0.660,0.001,0.068
2017-06-15,0.612,0.001,0.073
2017-06-16,0.558,0.001,0.065
2017-06-17,0.934,0.001,0.098
2017-06-18,0.591,0.001,0.071
2017-06-19,0.571,0.001,0.063
2017-06-20,0.534,0.001,0.058
2017-06-21,0.469,0.001,0.057
2017-06-22,0.459,0.001,0.057
2017-06-23,0.420,0.001,0.049
2017-06-24,0.413,0.001,0.048
2017-06-25,0.433,0.001,0.057
2017-06-26,0.430,0.001,0.059
2017-06-27,0.422,0.001,0.049
2017-06-28,0.484,0.001,0.066
2017-06-29,0.530,0.001,0.075
2017-06-30,1.258,0.001,0.220
2017-07-01,0.583,0.001,0.084
2017-07-02,0.583,0.001,0.091
2017-07-03,0.574,0.001,0.087
2017-07-04,1.505,0.001,0.140
2017-07-05,0.985,0.001,0.107
2017-07-06,1.126,0.001,0.115
2017-07-07,1.263,0.001,0.117
2017-07-08,1.144,0.001,0.106
2017-07-09,1.210,0.001,0.109
2017-07-10,1.338,0.001,0.122
2017-07-11,1.305,0.001,0.117
2017-07-12,1.255,0.001,0.108
2017-07-13,1.148,0.001,0.111
2017-07-14,1.012,0.001,0.092
2017-07-15,1.375,0.001,0.117
2017-07-16,1.222,0.001,0.116
2017-07-17,1.297,0.001,0.110
2017-07-18,1.202,0.001,0.124
2017-07-19,1.089,0.002,0.095
2017-07-20,0.990,0.001,0.089
2017-07-21,0.891,0.001,0.092
2017-07-22,0.797,0.001,0.077
2017-07-23,0.718,0.001,0.098
2017-07-24,0.646,0.001,0.065
2017-07-25,0.713,0.001,0.068
2017-07-26,0.624,0.001,0.061
2017-07-27,0.637,0.001,0.075
2017-07-28,0.657,0.001,0.067
2017-07-29,0.714,0.001,0.077
2017-07-30,0.733,0.001,0.071
2017-07-31,0.739,0.001,0.069
2017-08-01,1.156,0.001,0.095
2017-08-02,1.101,0.001,0.096
2017-08-03,1.415,0.001,0.110
2017-08-04,1.250,0.001,0.100
2017-08-05,1.216,0.001,0.151
2017-08-06,1.127,0.001,0.091
2017-08-07,1.199,0.001,0.096
2017-08-08,1.033,0.001,0.089
2017-08-09,1.021,0.001,0.085
2017-08-10,0.951,0.001,0.079
2017-08-11,0.857,0.001,0.073
2017-08-12,0.782,0.001,0.069
2017-08-13,0.763,0.001,0.073
2017-08-14,1.056,0.001,0.090
2017-08-15,0.826,0.001,0.081
2017-08-16,0.938,0.001,0.087
2017-08-17,0.922,0.001,0.085
2017-08-18,1.704,0.001,0.187
2017-08-19,0.833,0.001,0.081
2017-08-20,0.838,0.001,0.084
2017-08-21,0.825,0.001,0.082
2017-08-22,0.985,0.001,0.099
2017-08-23,0.915,0.001,0.089
2017-08-24,1.071,0.001,0.100
2017-08-25,0.958,0.001,0.113
2017-08-26,1.004,0.001,0.110
2017-08-27,0.926,0.001,0.099
2017-08-28,1.125,0.001,0.114
2017-08-29,2.192,0.001,0.198
2017-08-30,1.633,0.001,0.166
2017-08-31,2.003,0.001,0.186
2017-09-01,2.303,0.001,0.193
2017-09-02,2.272,0.001,0.209
2017-09-03,2.175,0.003,0.198
2017-09-04,2.083,0.001,0.192
2017-09-05,2.775,0.001,0.250
2017-09-06,3.212,0.001,0.265
2017-09-07,3.531,0.001,0.301
2017-09-08,3.300,0.001,0.270
2017-09-09,3.286,0.001,0.279
2017-09-10,3.050,0.001,0.278
2017-09-11,3.176,0.001,0.283
2017-09-12,3.290,0.001,0.289
2017-09-13,3.031,0.001,0.277
2017-09-14,2.980,0.001,0.268
2017-09-15,3.030,0.001,0.272
2017-09-16,3.195,0.001,0.287
2017-09-17,3.343,0.001,0.315
2017-09-18,3.597,0.001,0.296
2017-09-19,3.588,0.001,0.306
2017-09-20,3.381,0.001,0.290
2017-09-21,3.050,0.001,0.254
2017-09-22,2.807,0.002,0.241
2017-09-23,2.973,0.001,0.244
2017-09-24,3.877,0.002,0.310
2017-09-25,3.929,0.002,0.305
2017-09-26,4.213,0.002,0.316
2017-09-27,5.882,0.002,0.413
2017-09-28,6.157,0.001,0.451
2017-09-29,6.671,0.001,0.465
2017-09-30,0.273,0.001,0.047
2017-10-01,0.259,0.001,0.045
2017-10-02,0.243,0.001,0.050
2017-10-03,0.229,0.001,0.040
2017-10-04,0.217,0.001,0.044
2017-10-05,0.204,0.001,0.044
2017-10-06,0.338,0.001,0.049
2017-10-07,0.251,0.001,0.046
2017-10-08,0.217,0.001,0.049
2017-10-09,0.200,0.001,0.041
2017-10-10,0.182,0.001,0.048
2017-10-11,0.178,0.001,0.038
2017-10-12,0.230,0.001,0.055
2017-10-13,0.171,0.001,0.040
2017-10-14,0.260,0.001,0.046
2017-10-15,0.179,0.001,0.037
2017-10-16,0.181,0.001,0.037
2017-10-17,0.180,0.001,0.037
2017-10-18,0.182,0.001,0.035
2017-10-19,0.182,0.001,0.042
2017-10-20,0.174,0.001,0.037
2017-10-21,0.173,0.001,0.039
2017-10-22,0.160,0.001,0.034
2017-10-23,0.159,0.001,0.038
2017-10-24,0.145,0.001,0.033
2017-10-25,0.139,0.001,0.035
2017-10-26,0.133,0.001,0.030
2017-10-27,0.158,0.001,0.033
2017-10-28,0.213,0.001,0.035
2017-10-29,0.143,0.001,0.030
2017-10-30,0.164,0.002,0.031
2017-10-31,0.165,0.001,0.030
2017-11-01,0.174,0.001,0.032
2017-11-02,0.152,0.001,0.029
2017-11-03,0.153,0.002,0.028
2017-11-04,0.144,0.001,0.027
2017-11-05,0.140,0.001,0.027
2017-11-06,0.135,0.001,0.028
2017-11-07,0.134,0.001,0.026
2017-11-08,0.124,0.001,0.023
2017-11-09,0.119,0.001,0.026
2017-11-10,0.121,0.001,0.022
2017-11-11,0.115,0.001,0.021
2017-11-12,0.107,0.001,0.022
2017-11-13,0.102,0.001,0.022
2017-11-14,0.097,0.001,0.021
2017-11-15,0.093,0.001,0.021
2017-11-16,0.089,0.001,0.018
2017-11-17,0.085,0.001,0.018
2017-11-18,0.081,0.001,0.018
2017-11-19,0.077,0.001,0.018
2017-11-20,0.074,0.001,0.016
2017-11-21,0.070,0.001,0.022
2017-11-22,0.067,0.001,0.021
2017-11-23,0.065,0.001,0.015
2017-11-24,0.078,0.001,0.016
2017-11-25,0.059,0.001,0.017
2017-11-26,0.057,0.001,0.014
2017-11-27,0.055,0.001,0.014
2017-11-28,0.052,0.001,0.013
2017-11-29,0.050,0.001,0.013
2017-11-30,0.049,0.001,0.013
2017-12-01,0.047,0.001,0.012
2017-12-02,0.045,0.001,0.012
2017-12-03,0.075,0.001,0.015
2017-12-04,0.043,0.001,0.014
2017-12-05,0.041,0.001,0.012
2017-12-06,0.039,0.001,0.011
2017-12-07,0.038,0.001,0.011
2017-12-08,0.037,0.001,0.011
2017-12-09,0.036,0.001,0.012
2017-12-10,0.035,0.001,0.010
2017-12-11,0.034,0.001,0.011
2017-12-12,0.033,0.001,0.010
2017-12-13,0.032,0.001,0.011
2017-12-14,0.031,0.001,0.010
2017-12-15,0.037,0.001,0.011
2017-12-16,0.030,0.001,0.010
2017-12-17,0.029,0.001,0.009
2017-12-18,0.029,0.001,0.009
2017-12-19,0.028,0.001,0.009
2017-12-20,0.028,0.001,0.009
2017-12-21,0.063,0.001,0.011
2017-12-22,0.027,0.001,0.009
2017-12-23,0.026,0.001,0.008
2017-12-24,0.025,0.001,0.008
2017-12-25,0.025,0.001,0.008
2017-12-26,0.026,0.001,0.008
2017-12-27,0.027,0.001,0.009
2017-12-28,0.074,0.001,0.011
2017-12-29,0.024,0.001,0.008
2017-12-30,0.051,0.001,0.009
2017-12-31,0.023,0.001,0.008
