date,maximum,minimum,average
2017-01-01,0.025,0.009,0.016
2017-01-02,0.025,0.009,0.015
2017-01-03,0.026,0.009,0.015
2017-01-04,0.025,0.009,0.015
2017-01-05,0.025,0.009,0.015
2017-01-06,0.024,0.008,0.015
2017-01-07,0.024,0.008,0.015
2017-01-08,0.024,0.008,0.015
2017-01-09,0.101,0.008,0.020
2017-01-10,0.024,0.008,0.014
2017-01-11,0.023,0.008,0.014
2017-01-12,0.023,0.009,0.014
2017-01-13,0.023,0.009,0.014
2017-01-14,0.023,0.008,0.014
2017-01-15,0.023,0.008,0.014
2017-01-16,0.022,0.008,0.014
2017-01-17,0.022,0.008,0.014
2017-01-18,0.044,0.008,0.015
2017-01-19,0.022,0.008,0.013
2017-01-20,5.327,0.008,0.345
2017-01-21,2.188,0.008,0.152
2017-01-22,0.640,0.008,0.053
2017-01-23,0.385,0.008,0.037
2017-01-24,0.284,0.008,0.030
2017-01-25,0.226,0.008,0.026
2017-01-26,0.188,0.008,0.024
2017-01-27,0.161,0.008,0.022
2017-01-28,0.141,0.008,0.021
2017-01-29,0.126,0.008,0.023
2017-01-30,0.113,0.007,0.020
2017-01-31,0.103,0.007,0.019
2017-02-01,0.095,0.007,0.018
2017-02-02,0.088,0.007,0.017
2017-02-03,0.083,0.007,0.017
2017-02-04,0.078,0.007,0.017
2017-02-05,0.074,0.007,0.016
2017-02-06,0.070,0.007,0.016
2017-02-07,0.067,0.007,0.015
2017-02-08,0.064,0.007,0.015
2017-02-09,0.061,0.007,0.015
2017-02-10,0.059,0.007,0.015
2017-02-11,0.057,0.007,0.014
2017-02-12,0.055,0.007,0.015
2017-02-13,0.053,0.008,0.016
2017-02-14,0.107,0.008,0.022
2017-02-15,0.050,0.008,0.017
2017-02-16,0.049,0.007,0.015
2017-02-17,0.339,0.008,0.038
2017-02-18,0.046,0.008,0.015
2017-02-19,0.045,0.007,0.014
2017-02-20,0.074,0.007,0.018
2017-02-21,0.090,0.007,0.024
2017-02-22,0.042,0.008,0.015
2017-02-23,0.041,0.007,0.013
2017-02-24,0.040,0.007,0.013
2017-02-25,0.039,0.007,0.013
2017-02-26,0.076,0.007,0.017
2017-02-27,0.038,0.008,0.014
2017-02-28,0.037,0.007,0.014
2017-03-01,0.065,0.007,0.017
2017-03-02,0.065,0.007,0.016
2017-03-03,0.039,0.007,0.013
2017-03-04,0.119,0.007,0.019
2017-03-05,0.066,0.007,0.017
2017-03-06,0.033,0.007,0.013
2017-03-07,0.035,0.007,0.013
2017-03-08,0.079,0.007,0.017
2017-03-09,0.031,0.007,0.012
2017-03-10,0.033,0.007,0.015
2017-03-11,0.030,0.007,0.013
2017-03-12,0.071,0.007,0.017
2017-03-13,0.071,0.007,0.021
2017-03-14,0.052,0.007,0.019
2017-03-15,0.065,0.007,0.019
2017-03-16,0.072,0.007,0.020
2017-03-17,0.030,0.007,0.013
2017-03-18,0.060,0.007,0.017
2017-03-19,0.113,0.007,0.022
2017-03-20,0.028,0.007,0.013
2017-03-21,0.028,0.007,0.013
2017-03-22,0.085,0.007,0.024
2017-03-23,0.200,0.007,0.028
2017-03-24,0.114,0.007,0.022
2017-03-25,0.163,0.007,0.021
2017-03-26,0.054,0.007,0.015
2017-03-27,0.035,0.006,0.016
2017-03-28,0.279,0.006,0.037
2017-03-29,0.025,0.006,0.013
2017-03-30,0.024,0.007,0.014
2017-03-31,0.070,0.007,0.016
2017-04-01,0.047,0.006,0.017
2017-04-02,0.176,0.006,0.028
2017-04-03,0.031,0.006,0.015
2017-04-04,0.133,0.007,0.023
2017-04-05,0.064,0.007,0.019
2017-04-06,0.487,0.010,0.049
2017-04-07,0.088,0.009,0.024
2017-04-08,0.129,0.006,0.023
2017-04-09,0.526,0.007,0.057
2017-04-10,0.059,0.007,0.019
2017-04-11,0.056,0.006,0.017
2017-04-12,0.061,0.007,0.018
2017-04-13,0.104,0.008,0.032
2017-04-14,0.248,0.007,0.042
2017-04-15,0.244,0.007,0.027
2017-04-16,0.074,0.007,0.020
2017-04-17,0.194,0.007,0.029
2017-04-18,0.064,0.007,0.020
2017-04-19,0.165,0.008,0.028
2017-04-20,0.224,0.007,0.031
2017-04-21,0.092,0.008,0.024
2017-04-22,0.041,0.006,0.017
2017-04-23,0.094,0.007,0.029
2017-04-24,0.774,0.007,0.072
2017-04-25,0.180,0.009,0.035
2017-04-26,0.035,0.009,0.020
2017-04-27,0.191,0.007,0.041
2017-04-28,0.041,0.007,0.018
2017-04-29,0.143,0.007,0.034
2017-04-30,0.147,0.007,0.044
2017-05-01,0.068,0.007,0.022
2017-05-02,0.263,0.007,0.040
2017-05-03,0.152,0.007,0.031
2017-05-04,0.104,0.009,0.035
2017-05-05,0.076,0.007,0.025
2017-05-06,0.150,0.006,0.032
2017-05-07,0.578,0.006,0.062
2017-05-08,0.532,0.009,0.059
2017-05-09,0.299,0.010,0.054
2017-05-10,0.116,0.009,0.025
2017-05-11,0.072,0.009,0.025
2017-05-12,0.430,0.009,0.068
2017-05-13,0.054,0.009,0.018
2017-05-14,0.198,0.009,0.049
2017-05-15,0.048,0.011,0.022
2017-05-16,1.131,0.009,0.104
2017-05-17,0.217,0.011,0.033
2017-05-18,0.314,0.009,0.044
2017-05-19,0.343,0.011,0.069
2017-05-20,0.107,0.009,0.031
2017-05-21,0.507,0.011,0.060
2017-05-22,0.063,0.008,0.021
2017-05-23,0.047,0.009,0.020
2017-05-24,0.412,0.010,0.057
2017-05-25,0.128,0.009,0.034
2017-05-26,0.066,0.007,0.024
2017-05-27,0.209,0.009,0.038
2017-05-28,0.450,0.010,0.062
2017-05-29,0.271,0.009,0.063
2017-05-30,0.149,0.007,0.035
2017-05-31,0.091,0.007,0.030
2017-06-01,0.344,0.009,0.053
2017-06-02,0.644,0.009,0.088
2017-06-03,0.104,0.010,0.030
2017-06-04,0.346,0.009,0.044
2017-06-05,0.171,0.008,0.041
2017-06-06,0.068,0.008,0.026
2017-06-07,0.217,0.009,0.035
2017-06-08,0.099,0.008,0.037
2017-06-09,0.072,0.009,0.024
2017-06-10,0.417,0.009,0.060
2017-06-11,0.312,0.008,0.044
2017-06-12,0.175,0.009,0.056
2017-06-13,0.107,0.009,0.043
2017-06-14,0.084,0.009,0.025
2017-06-15,0.048,0.008,0.024
2017-06-16,0.226,0.009,0.042
2017-06-17,0.971,0.009,0.097
2017-06-18,0.210,0.008,0.062
2017-06-19,0.115,0.009,0.038
2017-06-20,0.087,0.009,0.027
2017-06-21,0.153,0.013,0.053
2017-06-22,0.316,0.009,0.064
2017-06-23,0.086,0.009,0.033
2017-06-24,0.171,0.009,0.043
2017-06-25,0.366,0.009,0.095
2017-06-26,0.101,0.010,0.029
2017-06-27,0.203,0.012,0.042
2017-06-28,0.119,0.009,0.030
2017-06-29,0.262,0.013,0.061
2017-06-30,0.211,0.009,0.063
2017-07-01,0.286,0.009,0.052
2017-07-02,0.258,0.009,0.049
2017-07-03,1.050,0.009,0.114
2017-07-04,0.124,0.008,0.034
2017-07-05,0.414,0.010,0.077
2017-07-06,0.182,0.009,0.059
2017-07-07,0.173,0.008,0.043
2017-07-08,0.209,0.010,0.067
2017-07-09,0.223,0.009,0.062
2017-07-10,0.456,0.014,0.108
2017-07-11,0.190,0.009,0.065
2017-07-12,0.330,0.009,0.095
2017-07-13,0.182,0.012,0.047
2017-07-14,0.315,0.010,0.062
2017-07-15,0.188,0.016,0.064
2017-07-16,0.327,0.011,0.076
2017-07-17,0.198,0.010,0.071
2017-07-18,0.188,0.014,0.067
2017-07-19,0.326,0.011,0.074
2017-07-20,0.909,0.011,0.144
2017-07-21,0.327,0.014,0.101
2017-07-22,0.216,0.019,0.066
2017-07-23,0.265,0.014,0.072
2017-07-24,0.458,0.013,0.075
2017-07-25,0.199,0.013,0.059
2017-07-26,0.359,0.012,0.101
2017-07-27,0.175,0.011,0.058
2017-07-28,0.320,0.014,0.088
2017-07-29,0.207,0.013,0.068
2017-07-30,0.235,0.016,0.073
2017-07-31,0.655,0.012,0.091
2017-08-01,0.392,0.021,0.117
2017-08-02,0.368,0.019,0.079
2017-08-03,0.352,0.012,0.070
2017-08-04,0.449,0.012,0.092
2017-08-05,0.411,0.012,0.099
2017-08-06,1.090,0.016,0.133
2017-08-07,0.572,0.017,0.141
2017-08-08,0.460,0.012,0.120
2017-08-09,0.246,0.011,0.072
2017-08-10,0.299,0.021,0.081
2017-08-11,0.236,0.012,0.082
2017-08-12,0.320,0.012,0.091
2017-08-13,0.664,0.035,0.151
2017-08-14,0.283,0.037,0.090
2017-08-15,0.443,0.020,0.149
2017-08-16,0.518,0.015,0.107
2017-08-17,0.483,0.012,0.117
2017-08-18,0.450,0.019,0.110
2017-08-19,0.347,0.012,0.093
2017-08-20,0.424,0.013,0.104
2017-08-21,0.434,0.014,0.124
2017-08-22,0.399,0.025,0.119
2017-08-23,0.438,0.013,0.143
2017-08-24,0.552,0.022,0.170
2017-08-25,0.259,0.013,0.102
2017-08-26,0.438,0.020,0.134
2017-08-27,0.398,0.046,0.142
2017-08-28,3.990,0.019,0.342
2017-08-29,0.740,0.014,0.150
2017-08-30,0.662,0.020,0.133
2017-08-31,0.789,0.016,0.143
2017-09-01,0.608,0.015,0.173
2017-09-02,0.745,0.018,0.189
2017-09-03,0.582,0.017,0.141
2017-09-04,0.853,0.019,0.186
2017-09-05,1.143,0.019,0.185
2017-09-06,1.530,0.022,0.214
2017-09-07,1.474,0.026,0.204
2017-09-08,1.319,0.021,0.177
2017-09-09,1.226,0.016,0.196
2017-09-10,1.752,0.016,0.206
2017-09-11,1.441,0.026,0.176
2017-09-12,1.234,0.021,0.177
2017-09-13,1.049,0.026,0.160
2017-09-14,1.194,0.029,0.162
2017-09-15,2.323,0.018,0.223
2017-09-16,2.194,0.020,0.234
2017-09-17,2.105,0.016,0.222
2017-09-18,1.763,0.025,0.218
2017-09-19,1.473,0.021,0.193
2017-09-20,1.230,0.018,0.158
2017-09-21,1.064,0.018,0.161
2017-09-22,1.184,0.018,0.155
2017-09-23,1.096,0.018,0.163
2017-09-24,1.103,0.019,0.155
2017-09-25,1.184,0.028,0.145
2017-09-26,1.160,0.017,0.148
2017-09-27,1.036,0.026,0.145
2017-09-28,1.062,0.019,0.145
2017-09-29,0.991,0.016,0.127
2017-09-30,0.137,0.023,0.071
2017-10-01,0.201,0.024,0.090
2017-10-02,0.134,0.018,0.065
2017-10-03,0.133,0.026,0.071
2017-10-04,0.140,0.020,0.064
2017-10-05,0.120,0.026,0.065
2017-10-06,0.148,0.019,0.062
2017-10-07,0.394,0.020,0.095
2017-10-08,0.153,0.021,0.062
2017-10-09,0.107,0.021,0.057
2017-10-10,0.109,0.020,0.055
2017-10-11,0.154,0.022,0.071
2017-10-12,0.137,0.016,0.054
2017-10-13,0.123,0.019,0.051
2017-10-14,0.104,0.024,0.055
2017-10-15,0.133,0.019,0.052
2017-10-16,0.095,0.020,0.047
2017-10-17,0.282,0.022,0.070
2017-10-18,0.090,0.018,0.044
2017-10-19,0.169,0.022,0.058
2017-10-20,0.085,0.022,0.045
2017-10-21,0.119,0.018,0.052
2017-10-22,0.118,0.018,0.049
2017-10-23,0.079,0.017,0.044
2017-10-24,0.145,0.017,0.046
2017-10-25,0.074,0.017,0.041
2017-10-26,0.096,0.016,0.041
2017-10-27,0.116,0.017,0.048
2017-10-28,0.318,0.018,0.059
2017-10-29,0.082,0.016,0.041
2017-10-30,0.067,0.018,0.038
2017-10-31,0.072,0.016,0.037
2017-11-01,0.188,0.018,0.047
2017-11-02,0.069,0.017,0.039
2017-11-03,0.070,0.016,0.036
2017-11-04,0.058,0.017,0.033
2017-11-05,0.220,0.016,0.045
2017-11-06,0.063,0.016,0.034
2017-11-07,0.054,0.015,0.032
2017-11-08,0.053,0.014,0.032
2017-11-09,0.052,0.016,0.030
2017-11-10,0.052,0.014,0.030
2017-11-11,0.050,0.015,0.028
2017-11-12,0.049,0.014,0.028
2017-11-13,0.048,0.015,0.027
2017-11-14,0.052,0.014,0.029
2017-11-15,0.047,0.014,0.029
2017-11-16,0.045,0.013,0.026
2017-11-17,0.044,0.014,0.026
2017-11-18,0.044,0.014,0.026
2017-11-19,0.043,0.014,0.026
2017-11-20,0.042,0.013,0.025
2017-11-21,0.043,0.013,0.026
2017-11-22,0.041,0.013,0.024
2017-11-23,0.040,0.012,0.024
2017-11-24,0.040,0.012,0.024
2017-11-25,0.105,0.012,0.029
2017-11-26,0.038,0.012,0.023
2017-11-27,0.038,0.012,0.023
2017-11-28,0.037,0.012,0.022
2017-11-29,0.037,0.012,0.022
2017-11-30,0.036,0.012,0.021
2017-12-01,0.036,0.012,0.021
2017-12-02,0.035,0.011,0.022
2017-12-03,0.037,0.011,0.021
2017-12-04,0.035,0.011,0.021
2017-12-05,0.034,0.011,0.020
2017-12-06,0.034,0.011,0.020
2017-12-07,0.033,0.011,0.020
2017-12-08,0.033,0.011,0.019
2017-12-09,0.032,0.011,0.019
2017-12-10,0.032,0.011,0.019
2017-12-11,0.031,0.010,0.019
2017-12-12,0.031,0.010,0.019
2017-12-13,0.031,0.010,0.019
2017-12-14,0.031,0.010,0.019
2017-12-15,0.030,0.010,0.018
2017-12-16,0.030,0.010,0.018
2017-12-17,0.030,0.010,0.018
2017-12-18,0.048,0.010,0.019
2017-12-19,0.029,0.010,0.017
2017-12-20,0.029,0.010,0.017
2017-12-21,0.028,0.009,0.017
2017-12-22,0.028,0.010,0.017
2017-12-23,0.028,0.009,0.017
2017-12-24,0.027,0.009,0.017
2017-12-25,0.027,0.009,0.017
2017-12-26,0.027,0.009,0.017
2017-12-27,0.027,0.009,0.016
2017-12-28,0.026,0.009,0.016
2017-12-29,0.026,0.009,0.016
2017-12-30,0.026,0.009,0.016
2017-12-31,0.026,0.009,0.016
