date,maximum,minimum,average
2017-01-01,0.464,0.014,0.148
2017-01-02,0.518,0.010,0.155
2017-01-03,1.010,0.003,0.225
2017-01-04,0.429,0.013,0.125
2017-01-05,0.569,0.001,0.161
2017-01-06,0.314,0.003,0.086
2017-01-07,0.448,0.007,0.130
2017-01-08,0.278,0.007,0.088
2017-01-09,0.535,0.002,0.132
2017-01-10,0.918,0.004,0.195
2017-01-11,0.338,0.018,0.103
2017-01-12,0.536,0.010,0.155
2017-01-13,0.705,0.007,0.215
2017-01-14,1.366,0.013,0.334
2017-01-15,1.147,0.001,0.234
2017-01-16,0.601,0.007,0.161
2017-01-17,0.311,0.005,0.118
2017-01-18,0.731,0.004,0.150
2017-01-19,0.509,0.020,0.161
2017-01-20,1.008,0.019,0.255
2017-01-21,0.422,0.007,0.157
2017-01-22,0.348,0.006,0.177
2017-01-23,0.539,0.015,0.191
2017-01-24,1.314,0.014,0.262
2017-01-25,3.982,0.011,0.459
2017-01-26,0.961,0.010,0.188
2017-01-27,3.476,0.004,0.500
2017-01-28,0.780,0.004,0.225
2017-01-29,1.404,0.003,0.288
2017-01-30,0.636,0.001,0.184
2017-01-31,0.498,0.000,0.198
2017-02-01,0.946,0.003,0.218
2017-02-02,0.617,0.001,0.179
2017-02-03,0.430,0.006,0.140
2017-02-04,0.992,0.001,0.220
2017-02-05,1.920,0.001,0.234
2017-02-06,0.954,0.002,0.167
2017-02-07,0.485,0.001,0.153
2017-02-08,1.055,0.004,0.209
2017-02-09,1.699,0.022,0.402
2017-02-10,1.002,0.008,0.230
2017-02-11,0.947,0.007,0.314
2017-02-12,0.422,0.004,0.138
2017-02-13,0.621,0.003,0.206
2017-02-14,0.440,0.019,0.175
2017-02-15,0.436,0.019,0.177
2017-02-16,1.854,0.055,0.303
2017-02-17,1.227,0.021,0.235
2017-02-18,0.748,0.002,0.217
2017-02-19,1.038,0.027,0.290
2017-02-20,0.601,0.011,0.256
2017-02-21,1.771,0.000,0.400
2017-02-22,0.504,0.004,0.205
2017-02-23,1.018,0.000,0.244
2017-02-24,0.517,0.006,0.223
2017-02-25,0.922,0.032,0.232
2017-02-26,3.686,0.023,0.688
2017-02-27,2.745,0.023,0.577
2017-02-28,1.379,0.042,0.466
2017-03-01,1.677,0.009,0.525
2017-03-02,1.316,0.025,0.340
2017-03-03,2.689,0.050,0.380
2017-03-04,1.154,0.059,0.404
2017-03-05,0.738,0.047,0.218
2017-03-06,1.337,0.001,0.383
2017-03-07,1.203,0.019,0.461
2017-03-08,1.797,0.002,0.415
2017-03-09,2.007,0.013,0.520
2017-03-10,6.186,0.023,0.807
2017-03-11,1.951,0.057,0.633
2017-03-12,3.218,0.109,0.740
2017-03-13,2.239,0.102,0.504
2017-03-14,5.245,0.158,0.988
2017-03-15,1.505,0.058,0.590
2017-03-16,1.875,0.047,0.487
2017-03-17,1.413,0.031,0.600
2017-03-18,3.319,0.120,0.684
2017-03-19,1.870,0.028,0.641
2017-03-20,1.769,0.067,0.638
2017-03-21,1.439,0.083,0.495
2017-03-22,1.924,0.074,0.647
2017-03-23,1.418,0.060,0.602
2017-03-24,1.671,0.063,0.623
2017-03-25,1.038,0.112,0.370
2017-03-26,1.635,0.083,0.448
2017-03-27,1.525,0.043,0.667
2017-03-28,3.832,0.137,0.741
2017-03-29,2.475,0.046,0.783
2017-03-30,2.601,0.111,0.687
2017-03-31,3.047,0.089,0.881
2017-04-01,2.151,0.187,0.888
2017-04-02,2.458,0.040,0.532
2017-04-03,2.440,0.054,0.645
2017-04-04,3.652,0.109,0.977
2017-04-05,2.828,0.099,0.764
2017-04-06,1.360,0.278,0.666
2017-04-07,2.290,0.231,0.768
2017-04-08,1.306,0.127,0.614
2017-04-09,2.276,0.303,0.819
2017-04-10,2.456,0.183,0.826
2017-04-11,2.122,0.121,1.041
2017-04-12,1.992,0.175,0.777
2017-04-13,2.349,0.162,0.997
2017-04-14,3.599,0.155,1.150
2017-04-15,2.391,0.083,0.648
2017-04-16,4.129,0.221,0.927
2017-04-17,3.249,0.169,1.069
2017-04-18,1.996,0.268,0.853
2017-04-19,3.245,0.163,0.936
2017-04-20,3.279,0.258,1.128
2017-04-21,1.875,0.252,0.973
2017-04-22,4.638,0.377,1.480
2017-04-23,2.973,0.148,0.909
2017-04-24,2.097,0.102,0.943
2017-04-25,3.670,0.084,1.022
2017-04-26,3.276,0.055,1.175
2017-04-27,2.662,0.180,1.090
2017-04-28,2.772,0.167,1.172
2017-04-29,3.616,0.236,1.195
2017-04-30,6.233,0.055,1.337
2017-05-01,4.191,0.247,1.300
2017-05-02,5.885,0.199,1.346
2017-05-03,4.587,0.355,1.425
2017-05-04,5.798,0.070,1.366
2017-05-05,4.541,0.146,1.068
2017-05-06,8.133,0.083,1.639
2017-05-07,2.676,0.207,1.076
2017-05-08,6.345,0.152,1.526
2017-05-09,4.589,0.197,1.240
2017-05-10,5.619,0.192,1.302
2017-05-11,4.080,0.303,1.254
2017-05-12,3.483,0.447,1.511
2017-05-13,3.575,0.190,1.327
2017-05-14,3.539,0.295,1.161
2017-05-15,2.194,0.133,0.905
2017-05-16,5.747,0.066,1.586
2017-05-17,3.689,0.118,0.991
2017-05-18,3.361,0.199,1.107
2017-05-19,4.292,0.073,1.110
2017-05-20,2.973,0.119,1.142
2017-05-21,3.813,0.374,1.389
2017-05-22,2.451,0.204,1.182
2017-05-23,3.042,0.181,1.588
2017-05-24,4.387,0.056,1.536
2017-05-25,4.950,0.189,1.483
2017-05-26,4.198,0.393,1.247
2017-05-27,3.346,0.522,1.265
2017-05-28,4.132,0.184,1.251
2017-05-29,3.904,0.397,1.393
2017-05-30,2.832,0.181,1.312
2017-05-31,5.071,0.290,1.327
2017-06-01,4.266,0.419,1.384
2017-06-02,2.344,0.219,1.282
2017-06-03,2.513,0.081,1.141
2017-06-04,3.550,0.119,1.169
2017-06-05,2.596,0.222,1.109
2017-06-06,5.297,0.333,1.332
2017-06-07,6.525,0.132,2.012
2017-06-08,3.873,0.248,1.153
2017-06-09,3.711,0.206,1.232
2017-06-10,4.825,0.421,1.372
2017-06-11,3.261,0.289,1.043
2017-06-12,2.090,0.205,0.910
2017-06-13,3.254,0.410,1.336
2017-06-14,4.544,0.130,1.156
2017-06-15,2.863,0.218,0.934
2017-06-16,3.854,0.408,1.191
2017-06-17,5.183,0.150,1.406
2017-06-18,5.255,0.044,1.531
2017-06-19,4.386,0.190,1.174
2017-06-20,5.480,0.281,1.232
2017-06-21,4.685,0.233,1.424
2017-06-22,3.542,0.243,1.257
2017-06-23,3.887,0.017,1.239
2017-06-24,2.012,0.218,0.933
2017-06-25,4.154,0.338,1.495
2017-06-26,3.512,0.201,1.059
2017-06-27,3.573,0.247,1.443
2017-06-28,4.101,0.251,1.467
2017-06-29,4.158,0.171,1.430
2017-06-30,2.882,0.434,1.447
2017-07-01,4.418,0.287,1.129
2017-07-02,7.113,0.313,1.213
2017-07-03,3.002,0.223,1.364
2017-07-04,4.175,0.518,1.889
2017-07-05,4.204,0.199,1.643
2017-07-06,4.282,0.041,1.411
2017-07-07,4.606,0.235,1.236
2017-07-08,4.580,0.358,1.639
2017-07-09,4.308,0.171,1.552
2017-07-10,6.143,0.062,1.615
2017-07-11,8.609,0.491,1.914
2017-07-12,6.555,0.509,1.563
2017-07-13,5.796,0.252,1.611
2017-07-14,5.626,0.503,1.581
2017-07-15,5.433,0.156,1.708
2017-07-16,3.967,0.507,1.302
2017-07-17,2.490,0.297,1.163
2017-07-18,3.247,0.552,1.851
2017-07-19,4.967,0.515,2.148
2017-07-20,5.336,0.328,1.599
2017-07-21,3.238,0.266,1.283
2017-07-22,3.356,0.285,1.747
2017-07-23,3.799,0.342,1.664
2017-07-24,6.920,0.601,1.803
2017-07-25,6.670,0.772,2.264
2017-07-26,3.138,0.641,1.643
2017-07-27,3.786,0.327,1.249
2017-07-28,9.380,0.464,1.765
2017-07-29,4.271,0.473,1.817
2017-07-30,3.569,0.437,1.661
2017-07-31,5.049,0.630,1.815
2017-08-01,4.413,0.604,1.696
2017-08-02,5.799,0.498,1.911
2017-08-03,4.630,0.581,1.954
2017-08-04,4.282,0.509,1.896
2017-08-05,4.619,0.572,1.463
2017-08-06,4.682,0.462,1.668
2017-08-07,4.879,0.569,2.142
2017-08-08,6.162,0.205,1.958
2017-08-09,5.726,0.616,1.908
2017-08-10,7.114,0.481,2.359
2017-08-11,4.506,0.490,1.435
2017-08-12,6.365,0.417,2.093
2017-08-13,5.162,0.376,1.629
2017-08-14,5.194,0.350,1.905
2017-08-15,3.542,0.376,1.509
2017-08-16,3.992,0.574,1.741
2017-08-17,3.745,0.367,1.572
2017-08-18,5.428,0.217,1.500
2017-08-19,2.924,0.387,1.352
2017-08-20,5.473,0.344,1.694
2017-08-21,5.223,0.508,1.848
2017-08-22,5.458,0.314,1.717
2017-08-23,3.090,0.364,1.605
2017-08-24,3.427,0.343,1.360
2017-08-25,5.488,0.286,1.660
2017-08-26,4.918,0.649,1.664
2017-08-27,5.854,0.448,1.817
2017-08-28,2.547,0.371,1.187
2017-08-29,2.498,0.119,1.387
2017-08-30,3.749,0.174,1.533
2017-08-31,4.347,0.466,1.488
2017-09-01,2.040,0.424,1.187
2017-09-02,2.699,0.229,1.309
2017-09-03,5.001,0.383,1.921
2017-09-04,5.246,0.401,1.408
2017-09-05,3.225,0.381,1.209
2017-09-06,3.750,0.224,1.343
2017-09-07,3.887,0.300,1.376
2017-09-08,3.350,0.280,1.195
2017-09-09,3.374,0.354,1.390
2017-09-10,3.351,0.176,1.179
2017-09-11,4.265,0.214,1.409
2017-09-12,4.013,0.398,1.323
2017-09-13,2.070,0.295,1.002
2017-09-14,4.621,0.307,1.428
2017-09-15,3.304,0.315,1.508
2017-09-16,4.977,0.360,1.248
2017-09-17,5.504,0.131,1.519
2017-09-18,5.747,0.209,1.450
2017-09-19,1.884,0.326,0.930
2017-09-20,4.678,0.264,1.038
2017-09-21,3.411,0.307,1.297
2017-09-22,3.687,0.425,1.161
2017-09-23,1.607,0.294,0.877
2017-09-24,2.748,0.217,1.135
2017-09-25,7.580,0.177,1.260
2017-09-26,4.121,0.431,1.350
2017-09-27,7.129,0.164,1.469
2017-09-28,2.494,0.101,1.024
2017-09-29,2.356,0.160,0.755
2017-09-30,4.115,0.240,1.183
2017-10-01,2.926,0.485,1.330
2017-10-02,3.541,0.224,1.077
2017-10-03,2.653,0.106,1.052
2017-10-04,2.132,0.089,0.926
2017-10-05,3.911,0.322,1.033
2017-10-06,2.003,0.104,0.969
2017-10-07,2.072,0.173,0.756
2017-10-08,2.713,0.117,1.156
2017-10-09,1.778,0.419,0.943
2017-10-10,2.130,0.206,0.940
2017-10-11,1.838,0.152,0.759
2017-10-12,3.519,0.168,1.032
2017-10-13,1.549,0.249,0.726
2017-10-14,2.189,0.098,0.915
2017-10-15,1.943,0.184,0.801
2017-10-16,2.487,0.156,0.672
2017-10-17,1.780,0.149,0.749
2017-10-18,1.628,0.139,0.630
2017-10-19,2.285,0.151,0.825
2017-10-20,4.168,0.119,0.820
2017-10-21,2.507,0.142,0.920
2017-10-22,2.190,0.205,1.131
2017-10-23,4.474,0.289,1.095
2017-10-24,2.750,0.223,0.897
2017-10-25,1.572,0.208,0.743
2017-10-26,2.953,0.063,0.844
2017-10-27,2.753,0.105,0.804
2017-10-28,2.360,0.230,0.745
2017-10-29,4.914,0.327,1.175
2017-10-30,3.339,0.160,0.809
2017-10-31,3.140,0.078,0.866
2017-11-01,1.317,0.124,0.488
2017-11-02,1.094,0.093,0.482
2017-11-03,2.153,0.077,0.652
2017-11-04,1.236,0.100,0.546
2017-11-05,2.406,0.121,0.880
2017-11-06,1.725,0.082,0.669
2017-11-07,1.480,0.037,0.510
2017-11-08,2.244,0.145,0.998
2017-11-09,1.463,0.100,0.640
2017-11-10,1.624,0.092,0.507
2017-11-11,0.706,0.089,0.359
2017-11-12,0.823,0.079,0.301
2017-11-13,0.882,0.032,0.428
2017-11-14,11.754,0.087,1.190
2017-11-15,1.133,0.029,0.375
2017-11-16,1.170,0.051,0.458
2017-11-17,1.202,0.087,0.320
2017-11-18,1.005,0.057,0.286
2017-11-19,1.154,0.092,0.343
2017-11-20,1.483,0.067,0.370
2017-11-21,1.089,0.024,0.335
2017-11-22,0.673,0.014,0.250
2017-11-23,1.205,0.017,0.251
2017-11-24,0.873,0.001,0.303
2017-11-25,1.283,0.021,0.286
2017-11-26,0.769,0.017,0.254
2017-11-27,1.113,0.006,0.242
2017-11-28,1.691,0.007,0.306
2017-11-29,0.887,0.015,0.290
2017-11-30,0.431,0.016,0.182
2017-12-01,0.839,0.018,0.232
2017-12-02,1.193,0.005,0.230
2017-12-03,0.963,0.020,0.245
2017-12-04,0.736,0.021,0.211
2017-12-05,1.111,0.002,0.267
2017-12-06,1.047,0.000,0.342
2017-12-07,0.851,0.026,0.269
2017-12-08,1.033,0.036,0.306
2017-12-09,1.351,0.011,0.339
2017-12-10,0.753,0.052,0.250
2017-12-11,1.137,0.019,0.286
2017-12-12,1.087,0.006,0.224
2017-12-13,0.892,0.011,0.269
2017-12-14,0.721,0.005,0.208
2017-12-15,0.765,0.004,0.167
2017-12-16,0.562,0.005,0.176
2017-12-17,0.666,0.003,0.155
2017-12-18,0.362,0.001,0.110
2017-12-19,0.916,0.000,0.180
2017-12-20,0.449,0.000,0.138
2017-12-21,2.259,0.001,0.416
2017-12-22,0.523,0.000,0.143
2017-12-23,0.747,0.007,0.174
2017-12-24,0.791,0.015,0.213
2017-12-25,0.496,0.003,0.167
2017-12-26,0.887,0.003,0.154
2017-12-27,0.491,0.013,0.132
2017-12-28,0.598,0.004,0.192
2017-12-29,1.005,0.000,0.268
2017-12-30,1.887,0.002,0.282
2017-12-31,0.605,0.004,0.196
