date,maximum,minimum,average
2017-01-01,1.277,0.000,0.104
2017-01-02,0.445,0.000,0.045
2017-01-03,4.323,0.000,0.584
2017-01-04,1.837,0.000,0.167
2017-01-05,1.369,0.000,0.175
2017-01-06,1.218,0.000,0.235
2017-01-07,0.941,0.000,0.184
2017-01-08,4.169,0.000,0.337
2017-01-09,3.368,0.000,0.345
2017-01-10,8.300,0.000,1.240
2017-01-11,3.848,0.000,0.639
2017-01-12,4.664,0.000,0.599
2017-01-13,1.565,0.000,0.268
2017-01-14,2.433,0.000,0.245
2017-01-15,0.952,0.000,0.131
2017-01-16,8.519,0.000,0.793
2017-01-17,1.267,0.000,0.277
2017-01-18,2.409,0.000,0.196
2017-01-19,4.429,0.000,0.375
2017-01-20,20.388,0.000,1.440
2017-01-21,2.613,0.000,0.328
2017-01-22,0.367,0.000,0.044
2017-01-23,0.383,0.000,0.064
2017-01-24,3.502,0.000,0.358
2017-01-25,0.798,0.000,0.151
2017-01-26,6.473,0.000,0.837
2017-01-27,11.397,0.000,0.937
2017-01-28,6.984,0.000,0.628
2017-01-29,1.196,0.000,0.152
2017-01-30,2.815,0.000,0.557
2017-01-31,6.657,0.000,0.947
2017-02-01,7.485,0.000,1.544
2017-02-02,12.581,0.000,0.940
2017-02-03,11.162,0.000,0.723
2017-02-04,2.675,0.000,0.348
2017-02-05,12.408,0.000,1.222
2017-02-06,3.188,0.000,0.342
2017-02-07,1.919,0.000,0.404
2017-02-08,16.636,0.000,1.468
2017-02-09,19.957,0.000,1.846
2017-02-10,7.947,0.000,0.976
2017-02-11,17.081,0.000,1.635
2017-02-12,7.458,0.000,1.043
2017-02-13,3.015,0.000,0.576
2017-02-14,5.772,0.000,0.841
2017-02-15,10.972,0.000,1.009
2017-02-16,32.472,0.000,2.348
2017-02-17,5.519,0.000,0.669
2017-02-18,0.818,0.000,0.265
2017-02-19,8.835,0.000,0.802
2017-02-20,1.746,0.000,0.248
2017-02-21,1.896,0.000,0.392
2017-02-22,9.490,0.000,0.685
2017-02-23,4.176,0.000,0.513
2017-02-24,4.769,0.000,0.509
2017-02-25,4.393,0.000,0.614
2017-02-26,1.442,0.000,0.233
2017-02-27,9.093,0.000,0.772
2017-02-28,16.036,0.000,1.961
2017-03-01,5.097,0.000,1.167
2017-03-02,1.552,0.000,0.292
2017-03-03,8.265,0.000,1.029
2017-03-04,12.202,0.000,1.648
2017-03-05,4.191,0.000,0.680
2017-03-06,8.554,0.000,1.840
2017-03-07,11.134,0.000,1.225
2017-03-08,4.757,0.000,0.706
2017-03-09,2.560,0.000,0.299
2017-03-10,7.943,0.000,0.871
2017-03-11,7.089,0.000,0.743
2017-03-12,6.549,0.000,0.867
2017-03-13,0.796,0.000,0.207
2017-03-14,2.893,0.000,0.368
2017-03-15,2.189,0.000,0.342
2017-03-16,1.226,0.000,0.295
2017-03-17,1.738,0.000,0.397
2017-03-18,1.057,0.000,0.180
2017-03-19,6.268,0.000,1.483
2017-03-20,13.028,0.000,1.783
2017-03-21,10.892,0.000,1.544
2017-03-22,5.840,0.000,0.867
2017-03-23,6.235,0.000,1.006
2017-03-24,10.247,0.001,1.172
2017-03-25,6.214,0.000,1.275
2017-03-26,3.482,0.000,0.603
2017-03-27,7.280,0.008,0.985
2017-03-28,5.412,0.001,0.878
2017-03-29,2.863,0.000,0.766
2017-03-30,13.262,0.000,1.893
2017-03-31,11.865,0.000,1.768
2017-04-01,7.944,0.004,1.485
2017-04-02,40.336,0.000,3.104
2017-04-03,8.004,0.000,0.845
2017-04-04,9.937,0.001,1.558
2017-04-05,8.125,0.000,2.587
2017-04-06,7.975,0.013,1.083
2017-04-07,8.944,0.000,1.466
2017-04-08,1.896,0.000,0.551
2017-04-09,11.628,0.000,1.628
2017-04-10,3.363,0.000,0.552
2017-04-11,10.082,0.001,1.784
2017-04-12,5.405,0.000,1.654
2017-04-13,7.882,0.000,1.171
2017-04-14,1.824,0.000,0.553
2017-04-15,4.814,0.000,0.646
2017-04-16,9.624,0.003,1.166
2017-04-17,2.958,0.000,0.299
2017-04-18,1.649,0.000,0.340
2017-04-19,7.104,0.001,1.104
2017-04-20,15.553,0.000,1.784
2017-04-21,4.967,0.003,0.445
2017-04-22,2.865,0.000,0.307
2017-04-23,3.501,0.001,0.608
2017-04-24,5.346,0.000,0.588
2017-04-25,7.662,0.000,0.887
2017-04-26,1.700,0.000,0.270
2017-04-27,3.102,0.007,0.341
2017-04-28,9.522,0.001,1.015
2017-04-29,7.155,0.004,0.879
2017-04-30,2.639,0.000,0.521
2017-05-01,3.619,0.000,0.645
2017-05-02,6.943,0.000,1.356
2017-05-03,17.215,0.000,1.700
2017-05-04,2.451,0.000,0.344
2017-05-05,4.700,0.000,0.667
2017-05-06,1.370,0.000,0.376
2017-05-07,4.153,0.000,0.646
2017-05-08,0.663,0.000,0.178
2017-05-09,1.060,0.000,0.309
2017-05-10,1.946,0.000,0.222
2017-05-11,4.646,0.000,0.418
2017-05-12,0.502,0.000,0.131
2017-05-13,2.078,0.000,0.217
2017-05-14,0.667,0.000,0.076
2017-05-15,1.039,0.000,0.086
2017-05-16,0.249,0.000,0.047
2017-05-17,0.804,0.000,0.108
2017-05-18,2.125,0.000,0.355
2017-05-19,1.399,0.000,0.183
2017-05-20,1.030,0.000,0.190
2017-05-21,6.148,0.000,0.559
2017-05-22,0.801,0.000,0.154
2017-05-23,2.057,0.000,0.316
2017-05-24,1.776,0.000,0.229
2017-05-25,0.760,0.000,0.091
2017-05-26,4.685,0.000,0.345
2017-05-27,11.945,0.000,1.018
2017-05-28,4.896,0.000,0.707
2017-05-29,0.972,0.000,0.112
2017-05-30,0.710,0.000,0.112
2017-05-31,3.832,0.000,0.348
2017-06-01,3.290,0.000,0.282
2017-06-02,0.289,0.000,0.031
2017-06-03,0.407,0.000,0.050
2017-06-04,0.563,0.000,0.060
2017-06-05,1.393,0.000,0.131
2017-06-06,1.015,0.000,0.125
2017-06-07,0.437,0.000,0.061
2017-06-08,5.649,0.000,0.393
2017-06-09,0.642,0.000,0.067
2017-06-10,0.162,0.000,0.027
2017-06-11,1.090,0.000,0.110
2017-06-12,0.657,0.000,0.075
2017-06-13,0.215,0.000,0.024
2017-06-14,0.164,0.000,0.028
2017-06-15,0.413,0.000,0.049
2017-06-16,1.253,0.000,0.117
2017-06-17,4.120,0.000,0.275
2017-06-18,0.808,0.000,0.074
2017-06-19,1.013,0.000,0.114
2017-06-20,1.191,0.000,0.094
2017-06-21,0.980,0.000,0.077
2017-06-22,1.439,0.000,0.165
2017-06-23,0.264,0.000,0.023
2017-06-24,3.255,0.000,0.211
2017-06-25,0.234,0.000,0.023
2017-06-26,0.479,0.000,0.051
2017-06-27,0.558,0.000,0.049
2017-06-28,0.141,0.000,0.011
2017-06-29,0.285,0.000,0.041
2017-06-30,0.240,0.000,0.032
2017-07-01,0.072,0.000,0.014
2017-07-02,0.821,0.000,0.078
2017-07-03,0.466,0.000,0.036
2017-07-04,0.051,0.000,0.005
2017-07-05,0.181,0.000,0.018
2017-07-06,0.048,0.000,0.004
2017-07-07,0.259,0.000,0.023
2017-07-08,0.377,0.000,0.057
2017-07-09,0.060,0.000,0.006
2017-07-10,0.735,0.000,0.062
2017-07-11,0.372,0.000,0.050
2017-07-12,0.395,0.000,0.031
2017-07-13,0.372,0.000,0.024
2017-07-14,0.304,0.000,0.034
2017-07-15,0.253,0.000,0.061
2017-07-16,1.420,0.000,0.158
2017-07-17,0.373,0.000,0.053
2017-07-18,0.482,0.000,0.060
2017-07-19,0.408,0.000,0.054
2017-07-20,7.446,0.000,0.470
2017-07-21,0.132,0.000,0.016
2017-07-22,0.398,0.000,0.051
2017-07-23,0.620,0.000,0.047
2017-07-24,0.092,0.000,0.014
2017-07-25,0.765,0.000,0.056
2017-07-26,0.715,0.000,0.110
2017-07-27,0.176,0.000,0.015
2017-07-28,0.036,0.000,0.006
2017-07-29,0.424,0.000,0.028
2017-07-30,1.265,0.000,0.118
2017-07-31,0.992,0.000,0.075
2017-08-01,0.834,0.000,0.056
2017-08-02,0.909,0.000,0.062
2017-08-03,0.621,0.000,0.044
2017-08-04,0.748,0.000,0.064
2017-08-05,0.245,0.000,0.033
2017-08-06,0.190,0.000,0.017
2017-08-07,0.436,0.000,0.063
2017-08-08,1.322,0.000,0.168
2017-08-09,0.860,0.000,0.132
2017-08-10,4.584,0.000,0.350
2017-08-11,1.813,0.000,0.154
2017-08-12,0.320,0.000,0.048
2017-08-13,0.338,0.000,0.033
2017-08-14,1.169,0.000,0.110
2017-08-15,0.404,0.000,0.041
2017-08-16,0.356,0.000,0.029
2017-08-17,0.392,0.000,0.034
2017-08-18,0.289,0.000,0.022
2017-08-19,0.779,0.000,0.055
2017-08-20,1.446,0.000,0.182
2017-08-21,0.110,0.000,0.015
2017-08-22,0.211,0.000,0.015
2017-08-23,0.359,0.000,0.025
2017-08-24,0.282,0.000,0.019
2017-08-25,0.420,0.000,0.034
2017-08-26,0.913,0.000,0.060
2017-08-27,0.730,0.000,0.057
2017-08-28,0.459,0.000,0.033
2017-08-29,0.562,0.000,0.048
2017-08-30,0.276,0.000,0.035
2017-08-31,0.563,0.000,0.038
2017-09-01,0.342,0.000,0.028
2017-09-02,1.118,0.000,0.150
2017-09-03,5.678,0.000,0.404
2017-09-04,2.473,0.000,0.222
2017-09-05,0.782,0.000,0.059
2017-09-06,0.602,0.000,0.042
2017-09-07,0.873,0.000,0.056
2017-09-08,0.202,0.000,0.015
2017-09-09,0.821,0.000,0.070
2017-09-10,0.219,0.000,0.016
2017-09-11,4.040,0.000,0.284
2017-09-12,0.561,0.000,0.046
2017-09-13,0.067,0.000,0.004
2017-09-14,0.589,0.000,0.070
2017-09-15,0.576,0.000,0.047
2017-09-16,0.315,0.000,0.033
2017-09-17,5.815,0.000,0.384
2017-09-18,0.425,0.000,0.044
2017-09-19,0.328,0.000,0.036
2017-09-20,1.479,0.000,0.188
2017-09-21,0.377,0.000,0.041
2017-09-22,0.194,0.000,0.038
2017-09-23,0.671,0.000,0.095
2017-09-24,0.552,0.000,0.042
2017-09-25,0.354,0.000,0.043
2017-09-26,0.315,0.000,0.030
2017-09-27,0.629,0.000,0.055
2017-09-28,0.893,0.000,0.057
2017-09-29,3.994,0.000,0.294
2017-09-30,2.487,0.000,0.168
2017-10-01,1.102,0.000,0.125
2017-10-02,1.315,0.000,0.139
2017-10-03,0.232,0.000,0.021
2017-10-04,0.126,0.000,0.011
2017-10-05,4.399,0.000,0.294
2017-10-06,0.387,0.000,0.057
2017-10-07,0.243,0.000,0.053
2017-10-08,1.067,0.000,0.116
2017-10-09,0.252,0.000,0.031
2017-10-10,5.140,0.000,0.346
2017-10-11,0.298,0.000,0.057
2017-10-12,1.013,0.000,0.156
2017-10-13,3.091,0.000,0.250
2017-10-14,1.105,0.000,0.122
2017-10-15,2.095,0.000,0.193
2017-10-16,4.094,0.000,0.318
2017-10-17,0.285,0.000,0.028
2017-10-18,22.693,0.000,1.588
2017-10-19,0.855,0.000,0.131
2017-10-20,0.233,0.000,0.021
2017-10-21,6.231,0.000,0.441
2017-10-22,1.011,0.000,0.153
2017-10-23,5.969,0.000,0.429
2017-10-24,0.624,0.000,0.071
2017-10-25,0.382,0.000,0.064
2017-10-26,3.094,0.000,0.281
2017-10-27,0.692,0.000,0.179
2017-10-28,1.618,0.000,0.257
2017-10-29,7.083,0.000,0.614
2017-10-30,1.774,0.000,0.137
2017-10-31,0.561,0.000,0.087
2017-11-01,7.333,0.000,1.135
2017-11-02,2.718,0.000,0.346
2017-11-03,7.861,0.000,0.678
2017-11-04,1.112,0.000,0.196
2017-11-05,1.043,0.000,0.258
2017-11-06,6.477,0.000,0.716
2017-11-07,12.921,0.000,1.263
2017-11-08,5.239,0.000,0.646
2017-11-09,1.824,0.000,0.361
2017-11-10,5.406,0.000,0.599
2017-11-11,3.847,0.000,0.491
2017-11-12,0.600,0.000,0.100
2017-11-13,1.987,0.000,0.236
2017-11-14,12.648,0.000,0.986
2017-11-15,3.791,0.000,0.493
2017-11-16,1.489,0.000,0.378
2017-11-17,2.601,0.000,0.381
2017-11-18,7.904,0.000,1.125
2017-11-19,0.629,0.000,0.176
2017-11-20,0.846,0.000,0.120
2017-11-21,1.890,0.000,0.190
2017-11-22,5.068,0.000,0.481
2017-11-23,4.193,0.000,0.524
2017-11-24,2.141,0.000,0.310
2017-11-25,4.121,0.000,0.435
2017-11-26,4.109,0.000,0.588
2017-11-27,6.975,0.000,0.640
2017-11-28,5.034,0.000,0.489
2017-11-29,0.968,0.000,0.202
2017-11-30,18.075,0.000,1.590
2017-12-01,0.573,0.000,0.092
2017-12-02,14.200,0.000,1.302
2017-12-03,9.130,0.000,0.744
2017-12-04,1.136,0.000,0.192
2017-12-05,1.546,0.000,0.165
2017-12-06,3.233,0.000,0.405
2017-12-07,3.112,0.000,0.497
2017-12-08,2.714,0.000,0.409
2017-12-09,2.227,0.000,0.513
2017-12-10,7.064,0.000,0.777
2017-12-11,6.577,0.000,0.850
2017-12-12,5.037,0.000,0.582
2017-12-13,2.895,0.000,0.445
2017-12-14,14.952,0.000,1.218
2017-12-15,8.506,0.000,0.780
2017-12-16,4.728,0.000,0.714
2017-12-17,0.855,0.000,0.102
2017-12-18,0.622,0.000,0.095
2017-12-19,1.126,0.000,0.239
2017-12-20,4.077,0.000,0.454
2017-12-21,5.738,0.000,0.926
2017-12-22,4.893,0.000,0.754
2017-12-23,4.397,0.000,0.512
2017-12-24,16.184,0.000,1.575
2017-12-25,17.464,0.000,1.429
2017-12-26,7.840,0.000,0.864
2017-12-27,4.439,0.000,0.547
2017-12-28,8.806,0.000,0.829
2017-12-29,5.343,0.000,0.495
2017-12-30,18.395,0.000,1.371
2017-12-31,5.884,0.000,0.439
