date,maximum,minimum,average
2017-01-01,10.973,0.009,1.693
2017-01-02,4.463,0.005,0.859
2017-01-03,4.171,0.000,0.842
2017-01-04,2.917,0.001,0.790
2017-01-05,3.792,0.005,0.663
2017-01-06,3.526,0.000,0.989
2017-01-07,7.894,0.006,1.328
2017-01-08,7.099,0.008,1.409
2017-01-09,1.920,0.000,0.692
2017-01-10,4.828,0.005,1.206
2017-01-11,2.147,0.014,0.566
2017-01-12,4.048,0.004,1.040
2017-01-13,7.013,0.020,1.516
2017-01-14,3.471,0.004,1.235
2017-01-15,3.593,0.001,1.072
2017-01-16,2.605,0.002,0.704
2017-01-17,10.537,0.010,1.363
2017-01-18,4.108,0.001,1.423
2017-01-19,6.034,0.001,1.004
2017-01-20,5.550,0.020,1.483
2017-01-21,8.043,0.041,1.937
2017-01-22,3.916,0.000,1.471
2017-01-23,5.495,0.000,1.309
2017-01-24,6.206,0.085,1.372
2017-01-25,3.101,0.005,0.957
2017-01-26,5.732,0.008,1.421
2017-01-27,7.047,0.002,1.689
2017-01-28,3.349,0.037,0.864
2017-01-29,2.732,0.042,1.168
2017-01-30,2.126,0.061,0.847
2017-01-31,2.413,0.032,0.772
2017-02-01,3.572,0.005,0.951
2017-02-02,4.016,0.001,0.929
2017-02-03,3.983,0.001,1.051
2017-02-04,2.196,0.000,0.852
2017-02-05,6.390,0.001,0.861
2017-02-06,3.624,0.002,0.778
2017-02-07,4.732,0.000,1.186
2017-02-08,5.037,0.004,1.350
2017-02-09,3.824,0.075,1.449
2017-02-10,4.201,0.024,1.216
2017-02-11,4.047,0.052,1.172
2017-02-12,2.218,0.008,0.638
2017-02-13,5.115,0.001,1.134
2017-02-14,2.714,0.000,0.928
2017-02-15,3.933,0.034,0.663
2017-02-16,3.683,0.011,1.040
2017-02-17,3.221,0.008,0.979
2017-02-18,9.098,0.030,1.944
2017-02-19,4.040,0.001,1.314
2017-02-20,4.533,0.020,1.440
2017-02-21,4.366,0.001,0.998
2017-02-22,5.869,0.003,0.970
2017-02-23,4.836,0.006,1.245
2017-02-24,4.584,0.002,1.583
2017-02-25,9.124,0.000,1.751
2017-02-26,3.171,0.036,0.768
2017-02-27,2.702,0.019,0.815
2017-02-28,2.922,0.012,0.686
2017-03-01,2.813,0.068,0.683
2017-03-02,1.563,0.003,0.327
2017-03-03,2.790,0.033,0.669
2017-03-04,2.108,0.008,0.764
2017-03-05,1.880,0.007,0.681
2017-03-06,2.135,0.009,0.621
2017-03-07,4.550,0.000,0.956
2017-03-08,2.620,0.000,0.530
2017-03-09,3.429,0.014,0.619
2017-03-10,1.814,0.013,0.631
2017-03-11,5.317,0.042,1.260
2017-03-12,4.607,0.015,1.014
2017-03-13,2.543,0.065,0.465
2017-03-14,5.613,0.005,0.747
2017-03-15,3.476,0.001,0.594
2017-03-16,6.448,0.001,1.346
2017-03-17,4.460,0.001,0.814
2017-03-18,1.386,0.004,0.494
2017-03-19,3.888,0.001,0.807
2017-03-20,5.799,0.000,0.787
2017-03-21,4.524,0.000,1.197
2017-03-22,3.785,0.001,0.932
2017-03-23,7.339,0.000,1.158
2017-03-24,3.430,0.007,0.952
2017-03-25,4.379,0.028,0.725
2017-03-26,3.174,0.000,1.044
2017-03-27,7.417,0.000,1.197
2017-03-28,5.707,0.000,0.635
2017-03-29,3.981,0.000,0.499
2017-03-30,3.065,0.000,0.661
2017-03-31,9.113,0.000,1.361
2017-04-01,6.369,0.024,1.450
2017-04-02,6.502,0.000,1.166
2017-04-03,2.213,0.000,0.461
2017-04-04,2.239,0.000,0.543
2017-04-05,5.050,0.000,0.887
2017-04-06,12.087,0.001,1.398
2017-04-07,14.624,0.000,1.820
2017-04-08,3.559,0.001,0.582
2017-04-09,5.055,0.005,0.545
2017-04-10,3.467,0.000,0.663
2017-04-11,2.281,0.000,0.475
2017-04-12,1.219,0.000,0.235
2017-04-13,2.913,0.000,0.416
2017-04-14,1.953,0.000,0.325
2017-04-15,1.929,0.000,0.396
2017-04-16,4.978,0.000,0.824
2017-04-17,8.093,0.001,0.845
2017-04-18,2.152,0.000,0.516
2017-04-19,3.244,0.000,0.679
2017-04-20,4.894,0.000,0.884
2017-04-21,4.324,0.000,0.705
2017-04-22,6.758,0.003,0.735
2017-04-23,3.476,0.003,0.671
2017-04-24,2.944,0.000,0.720
2017-04-25,0.767,0.000,0.150
2017-04-26,2.498,0.000,0.274
2017-04-27,7.568,0.000,0.772
2017-04-28,0.316,0.000,0.051
2017-04-29,0.789,0.000,0.084
2017-04-30,0.700,0.000,0.241
2017-05-01,3.876,0.000,0.395
2017-05-02,4.761,0.000,0.779
2017-05-03,6.979,0.000,0.878
2017-05-04,2.214,0.000,0.350
2017-05-05,1.974,0.000,0.272
2017-05-06,2.562,0.000,0.394
2017-05-07,0.732,0.000,0.097
2017-05-08,2.351,0.000,0.215
2017-05-09,2.911,0.000,0.267
2017-05-10,2.476,0.000,0.286
2017-05-11,0.770,0.000,0.185
2017-05-12,0.342,0.000,0.051
2017-05-13,4.924,0.000,0.390
2017-05-14,3.371,0.000,0.480
2017-05-15,6.003,0.000,0.460
2017-05-16,2.410,0.000,0.274
2017-05-17,4.427,0.000,0.532
2017-05-18,0.914,0.000,0.094
2017-05-19,2.708,0.000,0.209
2017-05-20,7.153,0.000,0.689
2017-05-21,0.961,0.000,0.175
2017-05-22,7.223,0.000,0.504
2017-05-23,0.943,0.000,0.174
2017-05-24,3.372,0.000,0.245
2017-05-25,2.023,0.000,0.175
2017-05-26,0.641,0.001,0.102
2017-05-27,0.117,0.000,0.030
2017-05-28,1.184,0.000,0.115
2017-05-29,0.992,0.000,0.134
2017-05-30,2.804,0.000,0.205
2017-05-31,2.068,0.000,0.183
2017-06-01,0.714,0.000,0.076
2017-06-02,0.469,0.000,0.090
2017-06-03,2.491,0.000,0.244
2017-06-04,2.336,0.000,0.224
2017-06-05,0.725,0.001,0.081
2017-06-06,4.923,0.000,0.392
2017-06-07,3.784,0.000,0.412
2017-06-08,7.508,0.000,0.722
2017-06-09,1.060,0.000,0.190
2017-06-10,0.816,0.000,0.096
2017-06-11,1.082,0.000,0.162
2017-06-12,0.285,0.000,0.068
2017-06-13,4.926,0.001,0.512
2017-06-14,1.352,0.000,0.206
2017-06-15,0.682,0.001,0.094
2017-06-16,0.839,0.000,0.103
2017-06-17,0.324,0.000,0.068
2017-06-18,1.059,0.000,0.158
2017-06-19,4.617,0.000,0.340
2017-06-20,1.378,0.000,0.240
2017-06-21,1.683,0.000,0.227
2017-06-22,2.075,0.000,0.222
2017-06-23,1.312,0.000,0.204
2017-06-24,0.984,0.000,0.136
2017-06-25,0.467,0.000,0.070
2017-06-26,0.515,0.000,0.104
2017-06-27,2.980,0.000,0.261
2017-06-28,1.438,0.001,0.132
2017-06-29,0.673,0.000,0.082
2017-06-30,0.368,0.000,0.059
2017-07-01,0.154,0.000,0.030
2017-07-02,0.232,0.000,0.025
2017-07-03,0.205,0.000,0.033
2017-07-04,0.432,0.000,0.050
2017-07-05,2.167,0.000,0.219
2017-07-06,0.391,0.000,0.066
2017-07-07,0.789,0.000,0.082
2017-07-08,1.762,0.000,0.176
2017-07-09,0.766,0.000,0.085
2017-07-10,0.482,0.000,0.067
2017-07-11,0.309,0.000,0.041
2017-07-12,0.322,0.000,0.072
2017-07-13,0.265,0.000,0.032
2017-07-14,0.837,0.000,0.091
2017-07-15,1.067,0.000,0.135
2017-07-16,0.464,0.000,0.078
2017-07-17,0.156,0.000,0.020
2017-07-18,0.454,0.002,0.082
2017-07-19,0.161,0.000,0.028
2017-07-20,0.465,0.000,0.077
2017-07-21,0.232,0.000,0.059
2017-07-22,0.284,0.000,0.068
2017-07-23,1.793,0.000,0.138
2017-07-24,0.898,0.000,0.134
2017-07-25,2.208,0.001,0.245
2017-07-26,5.792,0.000,0.452
2017-07-27,1.587,0.000,0.203
2017-07-28,2.048,0.000,0.199
2017-07-29,0.281,0.000,0.063
2017-07-30,0.142,0.000,0.032
2017-07-31,0.318,0.000,0.055
2017-08-01,3.225,0.000,0.280
2017-08-02,1.900,0.000,0.191
2017-08-03,1.124,0.000,0.104
2017-08-04,0.164,0.000,0.027
2017-08-05,1.301,0.000,0.141
2017-08-06,0.417,0.000,0.070
2017-08-07,0.311,0.000,0.057
2017-08-08,1.025,0.000,0.165
2017-08-09,1.219,0.000,0.175
2017-08-10,1.249,0.000,0.190
2017-08-11,0.229,0.000,0.070
2017-08-12,0.362,0.000,0.074
2017-08-13,0.799,0.000,0.109
2017-08-14,0.192,0.001,0.043
2017-08-15,0.544,0.000,0.143
2017-08-16,0.794,0.001,0.146
2017-08-17,4.643,0.000,0.417
2017-08-18,3.746,0.002,0.477
2017-08-19,2.359,0.000,0.332
2017-08-20,0.458,0.002,0.101
2017-08-21,0.376,0.000,0.093
2017-08-22,3.212,0.005,0.316
2017-08-23,1.767,0.002,0.341
2017-08-24,2.021,0.000,0.234
2017-08-25,0.397,0.000,0.075
2017-08-26,1.690,0.000,0.141
2017-08-27,0.635,0.000,0.126
2017-08-28,0.993,0.000,0.126
2017-08-29,1.600,0.000,0.285
2017-08-30,1.567,0.000,0.146
2017-08-31,2.935,0.000,0.299
2017-09-01,0.742,0.000,0.097
2017-09-02,0.140,0.000,0.026
2017-09-03,0.140,0.000,0.034
2017-09-04,0.468,0.000,0.060
2017-09-05,1.367,0.000,0.171
2017-09-06,0.539,0.000,0.091
2017-09-07,1.588,0.001,0.201
2017-09-08,0.080,0.000,0.023
2017-09-09,1.914,0.000,0.220
2017-09-10,0.453,0.000,0.045
2017-09-11,1.706,0.001,0.152
2017-09-12,1.900,0.000,0.162
2017-09-13,2.149,0.000,0.219
2017-09-14,0.675,0.000,0.103
2017-09-15,0.731,0.000,0.160
2017-09-16,2.187,0.000,0.205
2017-09-17,2.022,0.000,0.266
2017-09-18,3.602,0.000,0.460
2017-09-19,5.823,0.000,0.439
2017-09-20,1.745,0.000,0.193
2017-09-21,1.465,0.000,0.260
2017-09-22,2.284,0.000,0.293
2017-09-23,0.594,0.000,0.095
2017-09-24,1.497,0.000,0.196
2017-09-25,3.956,0.000,0.495
2017-09-26,0.511,0.000,0.159
2017-09-27,9.831,0.006,0.928
2017-09-28,1.447,0.002,0.244
2017-09-29,0.715,0.000,0.145
2017-09-30,0.937,0.000,0.194
2017-10-01,1.945,0.000,0.260
2017-10-02,2.122,0.000,0.348
2017-10-03,4.265,0.000,0.463
2017-10-04,1.363,0.000,0.165
2017-10-05,1.181,0.000,0.149
2017-10-06,2.418,0.001,0.370
2017-10-07,2.231,0.000,0.431
2017-10-08,1.571,0.006,0.297
2017-10-09,3.038,0.003,0.378
2017-10-10,0.338,0.000,0.102
2017-10-11,3.682,0.000,0.465
2017-10-12,4.031,0.001,0.684
2017-10-13,1.890,0.000,0.294
2017-10-14,1.556,0.000,0.348
2017-10-15,1.741,0.000,0.482
2017-10-16,2.118,0.000,0.557
2017-10-17,3.031,0.000,0.572
2017-10-18,2.947,0.000,0.488
2017-10-19,3.288,0.010,0.658
2017-10-20,5.340,0.000,0.798
2017-10-21,1.295,0.001,0.418
2017-10-22,2.375,0.000,0.405
2017-10-23,2.772,0.000,0.334
2017-10-24,1.334,0.000,0.292
2017-10-25,1.801,0.001,0.486
2017-10-26,2.059,0.009,0.541
2017-10-27,3.398,0.000,0.483
2017-10-28,3.344,0.001,0.956
2017-10-29,3.202,0.005,0.926
2017-10-30,2.663,0.000,0.630
2017-10-31,4.253,0.001,0.673
2017-11-01,4.103,0.000,0.518
2017-11-02,6.791,0.001,1.056
2017-11-03,2.408,0.000,0.416
2017-11-04,3.094,0.000,0.882
2017-11-05,0.829,0.000,0.205
2017-11-06,3.597,0.008,0.549
2017-11-07,2.517,0.002,0.332
2017-11-08,1.872,0.000,0.274
2017-11-09,3.599,0.001,0.584
2017-11-10,4.533,0.002,0.949
2017-11-11,2.078,0.001,0.366
2017-11-12,6.088,0.013,1.283
2017-11-13,4.216,0.005,0.810
2017-11-14,3.376,0.000,0.430
2017-11-15,1.422,0.003,0.363
2017-11-16,3.269,0.000,0.581
2017-11-17,2.145,0.000,0.497
2017-11-18,1.427,0.003,0.510
2017-11-19,2.655,0.001,0.940
2017-11-20,2.972,0.010,1.124
2017-11-21,4.412,0.022,1.088
2017-11-22,3.645,0.008,0.630
2017-11-23,6.507,0.000,0.860
2017-11-24,2.140,0.000,0.442
2017-11-25,1.640,0.002,0.332
2017-11-26,4.115,0.002,0.718
2017-11-27,3.127,0.000,0.783
2017-11-28,4.586,0.000,1.017
2017-11-29,3.424,0.015,0.778
2017-11-30,7.866,0.010,1.437
2017-12-01,5.005,0.003,1.001
2017-12-02,4.379,0.039,1.351
2017-12-03,5.783,0.014,1.373
2017-12-04,3.409,0.023,0.713
2017-12-05,3.037,0.001,0.855
2017-12-06,3.682,0.000,0.866
2017-12-07,7.184,0.001,1.411
2017-12-08,6.291,0.056,1.484
2017-12-09,6.675,0.146,1.316
2017-12-10,4.024,0.040,1.102
2017-12-11,3.571,0.003,0.791
2017-12-12,5.045,0.000,1.034
2017-12-13,4.035,0.000,0.567
2017-12-14,2.895,0.002,0.671
2017-12-15,4.010,0.000,1.086
2017-12-16,8.237,0.000,1.123
2017-12-17,2.215,0.001,0.438
2017-12-18,1.677,0.000,0.314
2017-12-19,2.477,0.004,0.674
2017-12-20,2.807,0.003,0.751
2017-12-21,5.013,0.001,0.913
2017-12-22,2.882,0.038,0.767
2017-12-23,5.239,0.068,1.442
2017-12-24,6.713,0.068,1.268
2017-12-25,4.629,0.005,1.053
2017-12-26,2.833,0.003,0.822
2017-12-27,4.482,0.020,0.654
2017-12-28,2.119,0.001,0.514
2017-12-29,2.445,0.001,0.581
2017-12-30,1.960,0.004,0.484
2017-12-31,3.193,0.002,0.889
