date,maximum,minimum,average
2017-01-01,5.176,0.000,0.624
2017-01-02,0.480,0.000,0.078
2017-01-03,7.865,0.000,0.627
2017-01-04,7.458,0.000,0.533
2017-01-05,0.361,0.000,0.077
2017-01-06,2.184,0.000,0.178
2017-01-07,0.091,0.000,0.014
2017-01-08,0.069,0.000,0.007
2017-01-09,1.572,0.000,0.109
2017-01-10,4.298,0.000,0.313
2017-01-11,1.408,0.000,0.186
2017-01-12,0.913,0.000,0.097
2017-01-13,1.781,0.000,0.209
2017-01-14,0.349,0.000,0.049
2017-01-15,1.875,0.000,0.165
2017-01-16,8.482,0.000,0.906
2017-01-17,2.772,0.000,0.280
2017-01-18,1.283,0.000,0.108
2017-01-19,1.753,0.000,0.156
2017-01-20,1.764,0.000,0.161
2017-01-21,6.198,0.000,0.489
2017-01-22,0.218,0.000,0.023
2017-01-23,1.459,0.000,0.117
2017-01-24,3.336,0.000,0.287
2017-01-25,0.726,0.000,0.111
2017-01-26,0.184,0.000,0.017
2017-01-27,0.680,0.000,0.118
2017-01-28,0.816,0.000,0.075
2017-01-29,0.103,0.000,0.025
2017-01-30,1.204,0.000,0.101
2017-01-31,3.320,0.000,0.243
2017-02-01,0.135,0.000,0.022
2017-02-02,0.225,0.000,0.035
2017-02-03,2.194,0.000,0.146
2017-02-04,2.294,0.000,0.151
2017-02-05,0.217,0.000,0.015
2017-02-06,0.018,0.000,0.004
2017-02-07,0.563,0.000,0.064
2017-02-08,0.874,0.000,0.090
2017-02-09,9.855,0.000,0.946
2017-02-10,6.292,0.000,0.716
2017-02-11,3.119,0.000,0.241
2017-02-12,3.145,0.000,0.381
2017-02-13,1.767,0.000,0.198
2017-02-14,0.627,0.000,0.154
2017-02-15,0.739,0.000,0.159
2017-02-16,2.650,0.000,0.289
2017-02-17,1.616,0.000,0.198
2017-02-18,0.775,0.000,0.120
2017-02-19,2.276,0.000,0.207
2017-02-20,0.270,0.000,0.043
2017-02-21,0.096,0.000,0.014
2017-02-22,0.215,0.000,0.036
2017-02-23,0.472,0.000,0.039
2017-02-24,0.404,0.000,0.043
2017-02-25,0.443,0.000,0.060
2017-02-26,0.951,0.000,0.139
2017-02-27,24.788,0.000,1.754
2017-02-28,5.194,0.000,0.405
2017-03-01,11.035,0.000,1.274
2017-03-02,5.641,0.000,0.859
2017-03-03,2.588,0.000,0.510
2017-03-04,8.848,0.000,1.056
2017-03-05,4.095,0.000,0.377
2017-03-06,2.546,0.000,0.357
2017-03-07,7.474,0.000,0.604
2017-03-08,17.940,0.000,1.325
2017-03-09,4.411,0.000,0.366
2017-03-10,7.958,0.000,0.545
2017-03-11,8.621,0.000,0.603
2017-03-12,3.534,0.000,0.255
2017-03-13,1.590,0.000,0.299
2017-03-14,5.083,0.000,0.405
2017-03-15,8.294,0.000,0.590
2017-03-16,2.355,0.000,0.245
2017-03-17,4.064,0.000,0.424
2017-03-18,1.706,0.000,0.190
2017-03-19,2.443,0.000,0.351
2017-03-20,6.397,0.000,1.214
2017-03-21,22.137,0.000,1.993
2017-03-22,2.379,0.000,0.450
2017-03-23,4.059,0.000,0.477
2017-03-24,5.753,0.000,0.729
2017-03-25,4.344,0.000,0.867
2017-03-26,7.682,0.000,1.495
2017-03-27,3.616,0.000,0.645
2017-03-28,3.019,0.001,0.689
2017-03-29,2.982,0.000,0.656
2017-03-30,7.623,0.000,1.014
2017-03-31,1.611,0.001,0.344
2017-04-01,13.613,0.004,2.573
2017-04-02,10.640,0.000,1.196
2017-04-03,17.307,0.000,1.842
2017-04-04,20.809,0.000,1.888
2017-04-05,11.729,0.000,1.404
2017-04-06,13.788,0.000,2.122
2017-04-07,9.195,0.000,1.363
2017-04-08,11.734,0.001,1.498
2017-04-09,2.795,0.000,0.759
2017-04-10,5.940,0.000,0.802
2017-04-11,16.335,0.000,1.801
2017-04-12,9.162,0.000,1.607
2017-04-13,10.240,0.000,1.636
2017-04-14,3.507,0.000,0.843
2017-04-15,4.419,0.003,1.172
2017-04-16,9.734,0.001,2.031
2017-04-17,18.877,0.028,3.005
2017-04-18,10.109,0.008,1.779
2017-04-19,4.244,0.021,0.942
2017-04-20,20.964,0.001,2.078
2017-04-21,15.812,0.006,1.822
2017-04-22,6.921,0.000,1.265
2017-04-23,23.537,0.000,2.252
2017-04-24,14.020,0.008,1.655
2017-04-25,6.692,0.023,1.357
2017-04-26,5.039,0.001,1.252
2017-04-27,3.788,0.000,0.726
2017-04-28,6.822,0.000,1.008
2017-04-29,28.939,0.000,4.139
2017-04-30,9.936,0.000,1.648
2017-05-01,7.680,0.007,1.513
2017-05-02,11.964,0.001,1.573
2017-05-03,4.210,0.015,0.689
2017-05-04,3.373,0.000,0.525
2017-05-05,1.851,0.001,0.478
2017-05-06,8.175,0.001,0.881
2017-05-07,4.750,0.000,0.595
2017-05-08,4.820,0.000,0.479
2017-05-09,3.808,0.000,0.590
2017-05-10,10.698,0.011,1.018
2017-05-11,1.724,0.014,0.432
2017-05-12,5.075,0.008,0.466
2017-05-13,1.789,0.000,0.328
2017-05-14,3.127,0.000,0.461
2017-05-15,0.833,0.000,0.208
2017-05-16,2.384,0.000,0.245
2017-05-17,1.051,0.000,0.152
2017-05-18,1.914,0.000,0.141
2017-05-19,4.683,0.000,0.581
2017-05-20,0.818,0.000,0.239
2017-05-21,17.158,0.000,1.179
2017-05-22,6.482,0.000,0.557
2017-05-23,1.750,0.000,0.202
2017-05-24,1.542,0.000,0.283
2017-05-25,0.988,0.000,0.100
2017-05-26,1.093,0.000,0.153
2017-05-27,3.020,0.000,0.336
2017-05-28,2.082,0.000,0.298
2017-05-29,3.631,0.000,0.397
2017-05-30,0.471,0.000,0.084
2017-05-31,1.765,0.000,0.226
2017-06-01,0.757,0.000,0.160
2017-06-02,0.986,0.000,0.106
2017-06-03,0.667,0.000,0.057
2017-06-04,0.724,0.000,0.088
2017-06-05,3.079,0.000,0.224
2017-06-06,1.002,0.000,0.082
2017-06-07,1.953,0.000,0.179
2017-06-08,0.628,0.000,0.137
2017-06-09,0.366,0.000,0.038
2017-06-10,0.284,0.000,0.042
2017-06-11,0.812,0.000,0.088
2017-06-12,0.120,0.000,0.025
2017-06-13,0.070,0.000,0.021
2017-06-14,0.111,0.000,0.027
2017-06-15,3.029,0.000,0.228
2017-06-16,0.933,0.000,0.170
2017-06-17,8.137,0.000,0.763
2017-06-18,2.773,0.000,0.294
2017-06-19,0.614,0.000,0.098
2017-06-20,0.353,0.000,0.076
2017-06-21,0.212,0.000,0.056
2017-06-22,0.414,0.000,0.082
2017-06-23,1.270,0.000,0.237
2017-06-24,0.380,0.000,0.055
2017-06-25,0.183,0.000,0.033
2017-06-26,0.199,0.000,0.052
2017-06-27,0.123,0.000,0.016
2017-06-28,1.325,0.000,0.136
2017-06-29,0.281,0.000,0.048
2017-06-30,0.490,0.000,0.055
2017-07-01,1.203,0.000,0.085
2017-07-02,0.692,0.000,0.132
2017-07-03,0.547,0.000,0.070
2017-07-04,9.150,0.000,0.592
2017-07-05,3.471,0.000,0.234
2017-07-06,0.348,0.000,0.043
2017-07-07,1.006,0.000,0.159
2017-07-08,0.829,0.000,0.082
2017-07-09,0.847,0.000,0.114
2017-07-10,0.436,0.000,0.049
2017-07-11,0.135,0.000,0.025
2017-07-12,0.179,0.000,0.027
2017-07-13,0.194,0.000,0.034
2017-07-14,1.402,0.000,0.094
2017-07-15,0.143,0.000,0.012
2017-07-16,0.994,0.000,0.113
2017-07-17,0.106,0.000,0.029
2017-07-18,0.195,0.000,0.031
2017-07-19,2.082,0.000,0.275
2017-07-20,0.105,0.000,0.023
2017-07-21,0.279,0.000,0.045
2017-07-22,0.346,0.000,0.052
2017-07-23,0.412,0.000,0.051
2017-07-24,0.404,0.000,0.040
2017-07-25,1.451,0.000,0.166
2017-07-26,2.043,0.000,0.183
2017-07-27,0.626,0.000,0.048
2017-07-28,0.654,0.000,0.067
2017-07-29,0.377,0.000,0.083
2017-07-30,0.131,0.000,0.029
2017-07-31,0.203,0.000,0.064
2017-08-01,0.480,0.000,0.097
2017-08-02,0.936,0.000,0.092
2017-08-03,1.159,0.001,0.152
2017-08-04,0.936,0.000,0.123
2017-08-05,0.193,0.000,0.041
2017-08-06,0.304,0.000,0.044
2017-08-07,0.379,0.000,0.075
2017-08-08,0.371,0.000,0.108
2017-08-09,0.502,0.000,0.100
2017-08-10,0.925,0.000,0.146
2017-08-11,5.385,0.000,0.469
2017-08-12,1.701,0.000,0.245
2017-08-13,0.137,0.000,0.025
2017-08-14,0.254,0.000,0.043
2017-08-15,0.790,0.000,0.080
2017-08-16,0.394,0.000,0.064
2017-08-17,0.343,0.000,0.043
2017-08-18,0.762,0.000,0.101
2017-08-19,0.926,0.000,0.096
2017-08-20,1.317,0.000,0.205
2017-08-21,0.139,0.000,0.029
2017-08-22,0.155,0.000,0.023
2017-08-23,0.147,0.000,0.018
2017-08-24,0.285,0.000,0.052
2017-08-25,1.535,0.000,0.159
2017-08-26,0.527,0.000,0.104
2017-08-27,0.377,0.000,0.063
2017-08-28,0.374,0.000,0.044
2017-08-29,0.551,0.000,0.110
2017-08-30,0.230,0.000,0.040
2017-08-31,1.379,0.000,0.115
2017-09-01,0.232,0.000,0.035
2017-09-02,0.952,0.000,0.085
2017-09-03,0.413,0.000,0.056
2017-09-04,0.225,0.000,0.034
2017-09-05,1.211,0.000,0.144
2017-09-06,0.268,0.000,0.049
2017-09-07,0.484,0.000,0.061
2017-09-08,5.138,0.000,0.370
2017-09-09,0.300,0.000,0.046
2017-09-10,1.388,0.000,0.106
2017-09-11,0.861,0.000,0.092
2017-09-12,0.340,0.000,0.059
2017-09-13,0.284,0.000,0.040
2017-09-14,0.120,0.000,0.022
2017-09-15,0.526,0.000,0.105
2017-09-16,0.661,0.000,0.095
2017-09-17,0.242,0.000,0.023
2017-09-18,4.231,0.000,0.324
2017-09-19,0.730,0.000,0.098
2017-09-20,0.693,0.000,0.077
2017-09-21,0.092,0.000,0.017
2017-09-22,0.377,0.000,0.065
2017-09-23,0.612,0.000,0.079
2017-09-24,0.976,0.000,0.107
2017-09-25,0.430,0.000,0.042
2017-09-26,0.107,0.000,0.014
2017-09-27,0.132,0.000,0.017
2017-09-28,0.439,0.000,0.034
2017-09-29,4.964,0.000,0.429
2017-09-30,5.696,0.000,0.432
2017-10-01,0.177,0.000,0.029
2017-10-02,0.382,0.000,0.072
2017-10-03,1.327,0.000,0.240
2017-10-04,2.130,0.000,0.277
2017-10-05,5.847,0.000,0.801
2017-10-06,2.065,0.000,0.288
2017-10-07,1.279,0.000,0.161
2017-10-08,0.832,0.000,0.181
2017-10-09,1.749,0.000,0.198
2017-10-10,1.068,0.000,0.154
2017-10-11,4.856,0.000,0.498
2017-10-12,2.948,0.000,0.391
2017-10-13,1.876,0.000,0.325
2017-10-14,5.834,0.000,0.788
2017-10-15,2.081,0.000,0.486
2017-10-16,13.768,0.000,1.264
2017-10-17,2.802,0.000,0.513
2017-10-18,1.276,0.000,0.270
2017-10-19,1.963,0.000,0.491
2017-10-20,2.431,0.000,0.316
2017-10-21,2.596,0.000,0.648
2017-10-22,2.628,0.000,0.383
2017-10-23,3.624,0.000,0.859
2017-10-24,7.744,0.002,1.014
2017-10-25,3.461,0.001,1.002
2017-10-26,4.536,0.000,0.456
2017-10-27,8.937,0.000,1.064
2017-10-28,1.410,0.000,0.454
2017-10-29,3.732,0.000,0.577
2017-10-30,2.662,0.000,0.376
2017-10-31,2.053,0.000,0.401
2017-11-01,11.205,0.000,1.979
2017-11-02,13.633,0.001,2.825
2017-11-03,8.661,0.007,1.924
2017-11-04,9.391,0.000,1.792
2017-11-05,6.880,0.019,2.242
2017-11-06,10.661,0.005,2.295
2017-11-07,14.345,0.018,1.939
2017-11-08,15.212,0.001,2.043
2017-11-09,8.597,0.002,1.416
2017-11-10,7.427,0.019,2.060
2017-11-11,27.071,0.002,3.707
2017-11-12,7.727,0.000,1.362
2017-11-13,4.595,0.000,1.316
2017-11-14,25.684,0.000,2.798
2017-11-15,8.614,0.000,1.510
2017-11-16,6.292,0.000,1.345
2017-11-17,8.093,0.000,1.732
2017-11-18,4.131,0.000,0.940
2017-11-19,9.694,0.002,1.754
2017-11-20,18.666,0.000,2.522
2017-11-21,3.598,0.000,0.676
2017-11-22,2.365,0.000,0.794
2017-11-23,20.090,0.000,1.859
2017-11-24,9.185,0.001,1.583
2017-11-25,7.040,0.000,1.432
2017-11-26,5.250,0.000,1.184
2017-11-27,4.743,0.000,0.798
2017-11-28,5.403,0.000,0.930
2017-11-29,4.880,0.000,1.001
2017-11-30,6.382,0.000,1.248
2017-12-01,3.174,0.000,0.714
2017-12-02,8.286,0.008,1.466
2017-12-03,6.576,0.007,1.179
2017-12-04,11.041,0.001,1.434
2017-12-05,2.067,0.000,0.378
2017-12-06,1.147,0.000,0.218
2017-12-07,6.570,0.000,1.477
2017-12-08,6.758,0.000,1.015
2017-12-09,4.769,0.000,0.744
2017-12-10,3.646,0.000,0.755
2017-12-11,1.805,0.000,0.484
2017-12-12,4.312,0.000,0.763
2017-12-13,4.900,0.000,0.639
2017-12-14,10.460,0.000,0.985
2017-12-15,1.849,0.000,0.440
2017-12-16,2.306,0.000,0.273
2017-12-17,0.806,0.000,0.089
2017-12-18,4.696,0.000,0.660
2017-12-19,13.333,0.000,1.066
2017-12-20,3.856,0.000,0.429
2017-12-21,1.838,0.000,0.234
2017-12-22,0.549,0.000,0.096
2017-12-23,0.700,0.000,0.072
2017-12-24,2.252,0.000,0.239
2017-12-25,6.026,0.000,0.593
2017-12-26,2.161,0.000,0.409
2017-12-27,1.839,0.000,0.450
2017-12-28,4.101,0.000,0.603
2017-12-29,1.975,0.000,0.189
2017-12-30,0.643,0.000,0.103
2017-12-31,2.012,0.000,0.242
