date,maximum,minimum,average
2017-01-01,0.006,0.001,0.002
2017-01-02,0.006,0.001,0.002
2017-01-03,0.196,0.001,0.015
2017-01-04,0.007,0.001,0.003
2017-01-05,0.006,0.001,0.002
2017-01-06,0.006,0.001,0.002
2017-01-07,0.006,0.001,0.002
2017-01-08,0.012,0.001,0.003
2017-01-09,0.058,0.001,0.006
2017-01-10,0.043,0.001,0.007
2017-01-11,0.084,0.001,0.008
2017-01-12,0.009,0.001,0.003
2017-01-13,0.010,0.001,0.003
2017-01-14,0.006,0.001,0.002
2017-01-15,0.006,0.001,0.002
2017-01-16,0.037,0.001,0.005
2017-01-17,0.052,0.001,0.006
2017-01-18,0.012,0.001,0.003
2017-01-19,0.027,0.001,0.004
2017-01-20,0.302,0.001,0.021
2017-01-21,0.015,0.001,0.003
2017-01-22,0.007,0.001,0.002
2017-01-23,0.007,0.001,0.002
2017-01-24,0.008,0.001,0.003
2017-01-25,0.008,0.001,0.002
2017-01-26,0.018,0.001,0.004
2017-01-27,0.041,0.001,0.005
2017-01-28,0.025,0.001,0.003
2017-01-29,0.009,0.001,0.002
2017-01-30,0.010,0.001,0.003
2017-01-31,0.058,0.001,0.006
2017-02-01,0.045,0.001,0.008
2017-02-02,0.074,0.001,0.007
2017-02-03,0.046,0.001,0.005
2017-02-04,0.009,0.001,0.003
2017-02-05,0.055,0.001,0.007
2017-02-06,0.009,0.001,0.003
2017-02-07,0.010,0.001,0.003
2017-02-08,0.214,0.001,0.016
2017-02-09,0.386,0.001,0.027
2017-02-10,0.130,0.001,0.011
2017-02-11,0.952,0.001,0.062
2017-02-12,0.462,0.001,0.033
2017-02-13,0.366,0.001,0.026
2017-02-14,0.227,0.001,0.017
2017-02-15,0.179,0.001,0.018
2017-02-16,0.556,0.001,0.046
2017-02-17,0.117,0.001,0.011
2017-02-18,0.099,0.001,0.008
2017-02-19,0.192,0.001,0.014
2017-02-20,0.119,0.001,0.009
2017-02-21,0.143,0.001,0.012
2017-02-22,0.137,0.001,0.013
2017-02-23,0.120,0.001,0.010
2017-02-24,0.100,0.001,0.009
2017-02-25,0.084,0.001,0.008
2017-02-26,0.071,0.001,0.006
2017-02-27,0.574,0.001,0.038
2017-02-28,0.274,0.001,0.029
2017-03-01,0.153,0.001,0.015
2017-03-02,0.141,0.001,0.011
2017-03-03,0.384,0.001,0.028
2017-03-04,0.828,0.001,0.059
2017-03-05,0.521,0.001,0.035
2017-03-06,0.314,0.002,0.029
2017-03-07,0.481,0.001,0.037
2017-03-08,0.634,0.002,0.042
2017-03-09,0.784,0.001,0.051
2017-03-10,0.792,0.001,0.052
2017-03-11,0.573,0.001,0.038
2017-03-12,0.402,0.001,0.029
2017-03-13,0.313,0.001,0.022
2017-03-14,0.246,0.001,0.018
2017-03-15,0.200,0.001,0.015
2017-03-16,0.168,0.001,0.014
2017-03-17,0.157,0.001,0.012
2017-03-18,0.139,0.001,0.011
2017-03-19,0.192,0.001,0.019
2017-03-20,0.307,0.001,0.031
2017-03-21,0.319,0.001,0.026
2017-03-22,0.371,0.001,0.027
2017-03-23,0.341,0.001,0.025
2017-03-24,0.308,0.001,0.025
2017-03-25,0.269,0.001,0.022
2017-03-26,0.237,0.001,0.018
2017-03-27,0.205,0.001,0.018
2017-03-28,0.224,0.001,0.018
2017-03-29,0.261,0.002,0.019
2017-03-30,0.340,0.002,0.031
2017-03-31,1.046,0.001,0.089
2017-04-01,1.050,0.002,0.074
2017-04-02,3.641,0.001,0.231
2017-04-03,1.589,0.001,0.102
2017-04-04,3.207,0.001,0.209
2017-04-05,2.259,0.001,0.158
2017-04-06,2.562,0.001,0.164
2017-04-07,1.329,0.001,0.090
2017-04-08,0.763,0.002,0.051
2017-04-09,0.990,0.002,0.066
2017-04-10,0.813,0.001,0.054
2017-04-11,2.085,0.001,0.142
2017-04-12,1.218,0.001,0.084
2017-04-13,2.258,0.001,0.146
2017-04-14,1.457,0.001,0.097
2017-04-15,1.411,0.001,0.092
2017-04-16,1.310,0.002,0.087
2017-04-17,0.999,0.002,0.065
2017-04-18,0.869,0.001,0.057
2017-04-19,0.826,0.001,0.063
2017-04-20,2.568,0.001,0.167
2017-04-21,2.310,0.001,0.147
2017-04-22,1.972,0.001,0.126
2017-04-23,1.608,0.001,0.104
2017-04-24,2.679,0.001,0.170
2017-04-25,3.989,0.001,0.253
2017-04-26,1.959,0.001,0.132
2017-04-27,1.687,0.001,0.110
2017-04-28,2.886,0.001,0.186
2017-04-29,1.997,0.001,0.132
2017-04-30,1.513,0.001,0.099
2017-05-01,2.678,0.001,0.172
2017-05-02,1.991,0.001,0.133
2017-05-03,1.283,0.001,0.109
2017-05-04,1.023,0.001,0.069
2017-05-05,0.943,0.001,0.065
2017-05-06,0.955,0.001,0.065
2017-05-07,0.898,0.001,0.062
2017-05-08,0.762,0.001,0.052
2017-05-09,0.646,0.001,0.046
2017-05-10,0.608,0.001,0.042
2017-05-11,0.594,0.001,0.044
2017-05-12,0.624,0.001,0.043
2017-05-13,0.540,0.002,0.038
2017-05-14,0.449,0.001,0.032
2017-05-15,0.378,0.001,0.027
2017-05-16,0.323,0.001,0.024
2017-05-17,0.281,0.001,0.021
2017-05-18,0.249,0.001,0.023
2017-05-19,0.226,0.001,0.018
2017-05-20,0.210,0.002,0.017
2017-05-21,0.200,0.002,0.025
2017-05-22,0.193,0.002,0.015
2017-05-23,0.213,0.002,0.018
2017-05-24,0.211,0.001,0.017
2017-05-25,0.211,0.001,0.016
2017-05-26,0.196,0.001,0.016
2017-05-27,0.180,0.002,0.032
2017-05-28,0.165,0.002,0.022
2017-05-29,0.152,0.002,0.013
2017-05-30,0.142,0.002,0.012
2017-05-31,0.134,0.002,0.013
2017-06-01,0.123,0.002,0.011
2017-06-02,0.117,0.002,0.010
2017-06-03,0.112,0.002,0.010
2017-06-04,0.106,0.002,0.009
2017-06-05,0.101,0.002,0.010
2017-06-06,0.096,0.002,0.009
2017-06-07,0.093,0.002,0.009
2017-06-08,0.944,0.002,0.067
2017-06-09,0.088,0.002,0.010
2017-06-10,0.085,0.002,0.008
2017-06-11,0.082,0.002,0.008
2017-06-12,0.080,0.002,0.008
2017-06-13,0.078,0.002,0.008
2017-06-14,0.077,0.002,0.008
2017-06-15,0.076,0.002,0.007
2017-06-16,0.073,0.002,0.007
2017-06-17,0.281,0.002,0.025
2017-06-18,0.072,0.002,0.007
2017-06-19,0.081,0.002,0.008
2017-06-20,0.084,0.002,0.008
2017-06-21,0.102,0.002,0.009
2017-06-22,0.119,0.002,0.011
2017-06-23,0.136,0.002,0.011
2017-06-24,0.141,0.002,0.017
2017-06-25,0.135,0.002,0.011
2017-06-26,0.128,0.001,0.010
2017-06-27,0.123,0.001,0.010
2017-06-28,0.117,0.001,0.010
2017-06-29,0.108,0.001,0.009
2017-06-30,0.099,0.001,0.008
2017-07-01,0.084,0.001,0.008
2017-07-02,0.078,0.001,0.007
2017-07-03,0.073,0.001,0.007
2017-07-04,0.069,0.001,0.007
2017-07-05,0.065,0.001,0.006
2017-07-06,0.062,0.001,0.006
2017-07-07,0.058,0.001,0.006
2017-07-08,0.055,0.001,0.006
2017-07-09,0.053,0.001,0.005
2017-07-10,0.050,0.001,0.005
2017-07-11,0.048,0.001,0.005
2017-07-12,0.046,0.001,0.005
2017-07-13,0.044,0.001,0.005
2017-07-14,0.043,0.001,0.005
2017-07-15,0.042,0.001,0.005
2017-07-16,0.041,0.001,0.006
2017-07-17,0.040,0.001,0.005
2017-07-18,0.039,0.001,0.005
2017-07-19,0.038,0.001,0.004
2017-07-20,0.424,0.002,0.031
2017-07-21,0.037,0.002,0.005
2017-07-22,0.037,0.001,0.005
2017-07-23,0.035,0.001,0.005
2017-07-24,0.035,0.001,0.004
2017-07-25,0.035,0.001,0.004
2017-07-26,0.033,0.001,0.004
2017-07-27,0.032,0.001,0.004
2017-07-28,0.032,0.001,0.004
2017-07-29,0.031,0.001,0.004
2017-07-30,0.030,0.001,0.005
2017-07-31,0.029,0.001,0.004
2017-08-01,0.029,0.001,0.004
2017-08-02,0.029,0.001,0.004
2017-08-03,0.028,0.001,0.004
2017-08-04,0.027,0.001,0.004
2017-08-05,0.026,0.001,0.004
2017-08-06,0.025,0.001,0.003
2017-08-07,0.025,0.001,0.004
2017-08-08,0.029,0.001,0.005
2017-08-09,0.030,0.001,0.004
2017-08-10,0.338,0.001,0.025
2017-08-11,0.031,0.001,0.006
2017-08-12,0.033,0.001,0.004
2017-08-13,0.034,0.001,0.004
2017-08-14,0.034,0.001,0.004
2017-08-15,0.034,0.001,0.004
2017-08-16,0.034,0.001,0.004
2017-08-17,0.034,0.001,0.004
2017-08-18,0.034,0.001,0.004
2017-08-19,0.034,0.001,0.004
2017-08-20,0.033,0.001,0.004
2017-08-21,0.032,0.001,0.004
2017-08-22,0.032,0.001,0.004
2017-08-23,0.031,0.001,0.004
2017-08-24,0.030,0.001,0.004
2017-08-25,0.030,0.001,0.004
2017-08-26,0.030,0.001,0.004
2017-08-27,0.029,0.001,0.004
2017-08-28,0.028,0.001,0.003
2017-08-29,0.028,0.001,0.003
2017-08-30,0.028,0.001,0.003
2017-08-31,0.027,0.001,0.003
2017-09-01,0.027,0.001,0.003
2017-09-02,0.029,0.001,0.004
2017-09-03,0.052,0.001,0.007
2017-09-04,0.058,0.001,0.007
2017-09-05,0.030,0.001,0.003
2017-09-06,0.029,0.001,0.003
2017-09-07,0.030,0.001,0.003
2017-09-08,0.031,0.001,0.003
2017-09-09,0.031,0.001,0.003
2017-09-10,0.031,0.001,0.003
2017-09-11,0.127,0.001,0.011
2017-09-12,0.029,0.001,0.003
2017-09-13,0.028,0.001,0.003
2017-09-14,0.029,0.001,0.004
2017-09-15,0.029,0.001,0.003
2017-09-16,0.029,0.001,0.003
2017-09-17,0.220,0.001,0.017
2017-09-18,0.031,0.001,0.004
2017-09-19,0.032,0.001,0.003
2017-09-20,0.147,0.001,0.015
2017-09-21,0.031,0.001,0.004
2017-09-22,0.030,0.001,0.003
2017-09-23,0.030,0.001,0.003
2017-09-24,0.029,0.001,0.003
2017-09-25,0.030,0.001,0.003
2017-09-26,0.031,0.001,0.003
2017-09-27,0.039,0.001,0.004
2017-09-28,0.045,0.001,0.004
2017-09-29,0.216,0.001,0.015
2017-09-30,0.007,0.001,0.002
2017-10-01,0.009,0.001,0.002
2017-10-02,0.011,0.001,0.002
2017-10-03,0.002,0.001,0.001
2017-10-04,0.002,0.001,0.001
2017-10-05,0.120,0.001,0.009
2017-10-06,0.004,0.001,0.002
2017-10-07,0.003,0.001,0.001
2017-10-08,0.003,0.001,0.002
2017-10-09,0.003,0.001,0.001
2017-10-10,0.195,0.001,0.014
2017-10-11,0.005,0.001,0.002
2017-10-12,0.003,0.001,0.002
2017-10-13,0.031,0.001,0.004
2017-10-14,0.003,0.001,0.002
2017-10-15,0.009,0.001,0.002
2017-10-16,0.032,0.001,0.003
2017-10-17,0.003,0.001,0.001
2017-10-18,1.150,0.001,0.080
2017-10-19,0.021,0.001,0.003
2017-10-20,0.003,0.001,0.001
2017-10-21,0.047,0.001,0.004
2017-10-22,0.004,0.001,0.002
2017-10-23,0.082,0.001,0.008
2017-10-24,0.003,0.001,0.002
2017-10-25,0.003,0.001,0.002
2017-10-26,0.025,0.001,0.003
2017-10-27,0.016,0.001,0.003
2017-10-28,0.016,0.001,0.003
2017-10-29,0.048,0.001,0.005
2017-10-30,0.005,0.001,0.002
2017-10-31,0.003,0.001,0.001
2017-11-01,0.054,0.001,0.009
2017-11-02,0.010,0.001,0.002
2017-11-03,0.044,0.001,0.004
2017-11-04,0.004,0.001,0.002
2017-11-05,0.003,0.001,0.002
2017-11-06,0.030,0.001,0.004
2017-11-07,0.098,0.001,0.009
2017-11-08,0.024,0.001,0.004
2017-11-09,0.020,0.001,0.004
2017-11-10,0.013,0.001,0.003
2017-11-11,0.159,0.001,0.012
2017-11-12,0.006,0.001,0.002
2017-11-13,0.036,0.001,0.005
2017-11-14,0.430,0.001,0.031
2017-11-15,0.026,0.001,0.004
2017-11-16,0.034,0.001,0.004
2017-11-17,0.033,0.001,0.004
2017-11-18,0.058,0.001,0.009
2017-11-19,0.003,0.001,0.002
2017-11-20,0.003,0.001,0.002
2017-11-21,0.005,0.001,0.002
2017-11-22,0.027,0.001,0.004
2017-11-23,0.027,0.001,0.004
2017-11-24,0.007,0.001,0.002
2017-11-25,0.021,0.001,0.003
2017-11-26,0.043,0.001,0.006
2017-11-27,0.037,0.001,0.006
2017-11-28,0.047,0.001,0.005
2017-11-29,0.019,0.001,0.004
2017-11-30,0.155,0.001,0.013
2017-12-01,0.005,0.001,0.002
2017-12-02,0.111,0.001,0.010
2017-12-03,0.134,0.001,0.011
2017-12-04,0.006,0.001,0.002
2017-12-05,0.004,0.001,0.002
2017-12-06,0.007,0.001,0.002
2017-12-07,0.009,0.001,0.003
2017-12-08,0.017,0.001,0.003
2017-12-09,0.026,0.001,0.004
2017-12-10,0.071,0.001,0.007
2017-12-11,0.522,0.001,0.037
2017-12-12,0.091,0.001,0.008
2017-12-13,0.018,0.001,0.003
2017-12-14,0.113,0.001,0.009
2017-12-15,0.077,0.001,0.007
2017-12-16,0.034,0.001,0.005
2017-12-17,0.004,0.001,0.002
2017-12-18,0.004,0.001,0.002
2017-12-19,0.004,0.001,0.002
2017-12-20,0.014,0.001,0.003
2017-12-21,0.020,0.001,0.005
2017-12-22,0.014,0.001,0.003
2017-12-23,0.011,0.001,0.003
2017-12-24,0.099,0.001,0.010
2017-12-25,0.163,0.001,0.013
2017-12-26,0.055,0.001,0.008
2017-12-27,0.036,0.001,0.005
2017-12-28,0.037,0.001,0.005
2017-12-29,0.020,0.001,0.003
2017-12-30,0.152,0.001,0.012
2017-12-31,0.023,0.001,0.004
