date,maximum,minimum,average
2017-01-01,0.011,0.001,0.004
2017-01-02,0.010,0.001,0.004
2017-01-03,0.565,0.002,0.039
2017-01-04,0.011,0.001,0.004
2017-01-05,0.253,0.002,0.019
2017-01-06,0.018,0.002,0.005
2017-01-07,0.012,0.002,0.004
2017-01-08,0.008,0.002,0.003
2017-01-09,0.008,0.002,0.004
2017-01-10,0.008,0.002,0.003
2017-01-11,0.008,0.002,0.004
2017-01-12,0.008,0.002,0.004
2017-01-13,0.013,0.002,0.004
2017-01-14,0.050,0.002,0.006
2017-01-15,0.008,0.002,0.004
2017-01-16,0.016,0.002,0.004
2017-01-17,0.036,0.002,0.006
2017-01-18,0.008,0.002,0.004
2017-01-19,0.011,0.002,0.004
2017-01-20,0.066,0.002,0.008
2017-01-21,0.031,0.002,0.005
2017-01-22,0.014,0.002,0.004
2017-01-23,0.007,0.002,0.003
2017-01-24,0.035,0.002,0.005
2017-01-25,0.024,0.002,0.005
2017-01-26,0.007,0.002,0.003
2017-01-27,0.027,0.001,0.004
2017-01-28,0.007,0.002,0.003
2017-01-29,0.007,0.001,0.003
2017-01-30,0.009,0.001,0.004
2017-01-31,0.007,0.001,0.003
2017-02-01,0.007,0.001,0.003
2017-02-02,0.044,0.001,0.006
2017-02-03,0.025,0.001,0.005
2017-02-04,0.013,0.001,0.004
2017-02-05,0.006,0.001,0.003
2017-02-06,0.193,0.001,0.015
2017-02-07,0.007,0.002,0.004
2017-02-08,0.150,0.001,0.012
2017-02-09,0.036,0.001,0.006
2017-02-10,0.006,0.001,0.003
2017-02-11,0.011,0.001,0.004
2017-02-12,0.006,0.001,0.003
2017-02-13,0.006,0.001,0.003
2017-02-14,0.006,0.001,0.003
2017-02-15,0.264,0.001,0.025
2017-02-16,0.007,0.001,0.003
2017-02-17,0.115,0.001,0.010
2017-02-18,0.006,0.001,0.003
2017-02-19,0.006,0.001,0.003
2017-02-20,0.010,0.001,0.003
2017-02-21,0.006,0.001,0.003
2017-02-22,0.006,0.001,0.003
2017-02-23,0.006,0.001,0.003
2017-02-24,0.007,0.001,0.003
2017-02-25,0.015,0.001,0.004
2017-02-26,0.117,0.001,0.017
2017-02-27,0.023,0.001,0.005
2017-02-28,0.056,0.001,0.006
2017-03-01,0.092,0.001,0.008
2017-03-02,0.009,0.001,0.003
2017-03-03,0.157,0.001,0.013
2017-03-04,0.028,0.001,0.005
2017-03-05,0.022,0.001,0.004
2017-03-06,0.006,0.001,0.003
2017-03-07,0.078,0.001,0.009
2017-03-08,0.104,0.001,0.011
2017-03-09,0.187,0.001,0.019
2017-03-10,0.100,0.001,0.009
2017-03-11,0.022,0.001,0.005
2017-03-12,0.010,0.001,0.004
2017-03-13,0.014,0.001,0.004
2017-03-14,0.026,0.001,0.006
2017-03-15,0.058,0.001,0.008
2017-03-16,0.012,0.001,0.004
2017-03-17,0.036,0.001,0.005
2017-03-18,0.025,0.001,0.005
2017-03-19,0.107,0.001,0.015
2017-03-20,0.046,0.001,0.010
2017-03-21,0.057,0.001,0.008
2017-03-22,0.051,0.001,0.007
2017-03-23,0.007,0.001,0.004
2017-03-24,0.021,0.002,0.005
2017-03-25,0.009,0.001,0.004
2017-03-26,0.029,0.001,0.009
2017-03-27,0.019,0.001,0.005
2017-03-28,0.027,0.002,0.005
2017-03-29,0.025,0.001,0.005
2017-03-30,0.054,0.001,0.007
2017-03-31,0.058,0.002,0.009
2017-04-01,0.348,0.001,0.035
2017-04-02,0.049,0.001,0.009
2017-04-03,0.042,0.002,0.009
2017-04-04,0.249,0.001,0.038
2017-04-05,0.102,0.001,0.013
2017-04-06,0.224,0.001,0.026
2017-04-07,0.161,0.001,0.025
2017-04-08,0.193,0.001,0.020
2017-04-09,0.068,0.001,0.009
2017-04-10,0.484,0.001,0.062
2017-04-11,0.165,0.001,0.023
2017-04-12,0.185,0.002,0.028
2017-04-13,0.421,0.002,0.069
2017-04-14,0.133,0.001,0.023
2017-04-15,0.392,0.002,0.049
2017-04-16,0.447,0.002,0.057
2017-04-17,0.597,0.003,0.066
2017-04-18,0.513,0.002,0.046
2017-04-19,0.649,0.002,0.048
2017-04-20,0.877,0.002,0.084
2017-04-21,0.759,0.002,0.059
2017-04-22,0.586,0.002,0.058
2017-04-23,0.621,0.002,0.048
2017-04-24,0.911,0.002,0.075
2017-04-25,1.369,0.002,0.095
2017-04-26,2.505,0.002,0.169
2017-04-27,1.546,0.002,0.117
2017-04-28,2.624,0.002,0.182
2017-04-29,2.061,0.003,0.210
2017-04-30,2.235,0.002,0.152
2017-05-01,5.694,0.002,0.380
2017-05-02,4.406,0.002,0.286
2017-05-03,3.290,0.002,0.222
2017-05-04,2.684,0.003,0.177
2017-05-05,2.372,0.002,0.159
2017-05-06,2.924,0.002,0.194
2017-05-07,2.871,0.002,0.187
2017-05-08,3.005,0.002,0.195
2017-05-09,2.382,0.002,0.157
2017-05-10,1.978,0.002,0.132
2017-05-11,1.878,0.002,0.127
2017-05-12,1.795,0.002,0.119
2017-05-13,1.707,0.002,0.114
2017-05-14,1.605,0.002,0.110
2017-05-15,1.202,0.002,0.083
2017-05-16,1.011,0.002,0.068
2017-05-17,0.862,0.002,0.059
2017-05-18,0.782,0.002,0.055
2017-05-19,0.792,0.002,0.058
2017-05-20,0.670,0.002,0.048
2017-05-21,0.717,0.002,0.088
2017-05-22,0.563,0.002,0.078
2017-05-23,0.515,0.002,0.039
2017-05-24,0.474,0.002,0.034
2017-05-25,0.435,0.002,0.032
2017-05-26,0.460,0.002,0.034
2017-05-27,0.388,0.002,0.031
2017-05-28,0.365,0.002,0.027
2017-05-29,0.336,0.002,0.027
2017-05-30,0.308,0.002,0.027
2017-05-31,0.283,0.002,0.022
2017-06-01,0.247,0.002,0.023
2017-06-02,0.228,0.002,0.021
2017-06-03,0.214,0.002,0.018
2017-06-04,0.200,0.002,0.017
2017-06-05,0.188,0.002,0.017
2017-06-06,0.176,0.002,0.015
2017-06-07,0.166,0.002,0.017
2017-06-08,0.158,0.002,0.014
2017-06-09,0.153,0.002,0.013
2017-06-10,0.143,0.002,0.014
2017-06-11,0.141,0.002,0.013
2017-06-12,0.130,0.002,0.012
2017-06-13,0.125,0.002,0.012
2017-06-14,0.120,0.002,0.011
2017-06-15,0.126,0.002,0.019
2017-06-16,0.116,0.002,0.011
2017-06-17,0.110,0.002,0.011
2017-06-18,0.178,0.002,0.015
2017-06-19,0.324,0.002,0.024
2017-06-20,0.144,0.002,0.012
2017-06-21,0.156,0.002,0.014
2017-06-22,0.154,0.002,0.014
2017-06-23,0.159,0.002,0.020
2017-06-24,0.139,0.002,0.012
2017-06-25,0.144,0.002,0.012
2017-06-26,0.134,0.002,0.014
2017-06-27,0.128,0.002,0.020
2017-06-28,0.121,0.002,0.011
2017-06-29,0.122,0.002,0.011
2017-06-30,0.126,0.002,0.011
2017-07-01,0.162,0.002,0.014
2017-07-02,0.131,0.002,0.012
2017-07-03,0.154,0.002,0.015
2017-07-04,0.197,0.002,0.015
2017-07-05,0.148,0.002,0.015
2017-07-06,0.164,0.002,0.014
2017-07-07,0.149,0.002,0.013
2017-07-08,0.470,0.002,0.044
2017-07-09,0.145,0.002,0.013
2017-07-10,0.137,0.002,0.013
2017-07-11,0.367,0.002,0.036
2017-07-12,0.120,0.002,0.013
2017-07-13,0.119,0.002,0.012
2017-07-14,0.107,0.002,0.010
2017-07-15,0.159,0.002,0.018
2017-07-16,0.106,0.002,0.011
2017-07-17,0.105,0.002,0.010
2017-07-18,0.099,0.002,0.011
2017-07-19,0.094,0.002,0.009
2017-07-20,0.094,0.002,0.009
2017-07-21,0.089,0.002,0.010
2017-07-22,0.100,0.002,0.010
2017-07-23,0.087,0.002,0.009
2017-07-24,0.087,0.002,0.010
2017-07-25,0.234,0.002,0.027
2017-07-26,0.081,0.002,0.010
2017-07-27,0.108,0.002,0.012
2017-07-28,0.212,0.002,0.017
2017-07-29,0.103,0.002,0.010
2017-07-30,0.096,0.002,0.010
2017-07-31,0.099,0.002,0.010
2017-08-01,0.167,0.002,0.013
2017-08-02,0.105,0.002,0.010
2017-08-03,0.101,0.002,0.010
2017-08-04,0.130,0.002,0.011
2017-08-05,0.156,0.002,0.013
2017-08-06,0.111,0.002,0.010
2017-08-07,0.168,0.002,0.014
2017-08-08,0.111,0.002,0.010
2017-08-09,0.113,0.002,0.010
2017-08-10,0.124,0.002,0.011
2017-08-11,0.109,0.002,0.011
2017-08-12,0.107,0.002,0.011
2017-08-13,0.099,0.002,0.009
2017-08-14,0.090,0.002,0.010
2017-08-15,0.083,0.002,0.009
2017-08-16,0.077,0.002,0.010
2017-08-17,0.071,0.002,0.008
2017-08-18,0.066,0.002,0.007
2017-08-19,0.073,0.002,0.008
2017-08-20,0.109,0.001,0.010
2017-08-21,0.072,0.002,0.007
2017-08-22,0.091,0.001,0.008
2017-08-23,0.085,0.002,0.008
2017-08-24,0.091,0.002,0.009
2017-08-25,0.081,0.002,0.008
2017-08-26,0.076,0.002,0.009
2017-08-27,0.070,0.002,0.007
2017-08-28,0.065,0.001,0.008
2017-08-29,0.066,0.001,0.007
2017-08-30,0.059,0.001,0.007
2017-08-31,0.057,0.002,0.007
2017-09-01,0.056,0.001,0.006
2017-09-02,0.053,0.001,0.006
2017-09-03,0.055,0.001,0.007
2017-09-04,0.107,0.001,0.010
2017-09-05,0.061,0.001,0.008
2017-09-06,0.060,0.001,0.008
2017-09-07,0.056,0.001,0.009
2017-09-08,0.051,0.001,0.009
2017-09-09,0.048,0.001,0.006
2017-09-10,0.186,0.002,0.019
2017-09-11,0.046,0.002,0.006
2017-09-12,0.045,0.001,0.006
2017-09-13,0.045,0.001,0.007
2017-09-14,0.066,0.001,0.010
2017-09-15,0.043,0.002,0.006
2017-09-16,0.042,0.002,0.006
2017-09-17,0.040,0.002,0.006
2017-09-18,0.044,0.001,0.007
2017-09-19,0.073,0.001,0.007
2017-09-20,0.076,0.002,0.007
2017-09-21,0.050,0.001,0.007
2017-09-22,0.051,0.001,0.006
2017-09-23,0.052,0.002,0.008
2017-09-24,0.046,0.001,0.006
2017-09-25,0.053,0.002,0.006
2017-09-26,0.121,0.001,0.015
2017-09-27,0.082,0.001,0.008
2017-09-28,0.156,0.001,0.016
2017-09-29,0.065,0.001,0.007
2017-09-30,0.037,0.001,0.009
2017-10-01,0.010,0.001,0.004
2017-10-02,0.031,0.002,0.006
2017-10-03,0.038,0.001,0.005
2017-10-04,0.046,0.002,0.009
2017-10-05,0.025,0.001,0.005
2017-10-06,0.038,0.001,0.006
2017-10-07,0.031,0.001,0.006
2017-10-08,0.014,0.001,0.005
2017-10-09,0.114,0.001,0.011
2017-10-10,0.011,0.001,0.005
2017-10-11,0.038,0.001,0.006
2017-10-12,0.016,0.001,0.004
2017-10-13,0.010,0.001,0.004
2017-10-14,1.271,0.001,0.110
2017-10-15,0.062,0.001,0.010
2017-10-16,0.276,0.001,0.023
2017-10-17,0.015,0.002,0.005
2017-10-18,0.019,0.001,0.006
2017-10-19,0.473,0.002,0.047
2017-10-20,0.051,0.002,0.007
2017-10-21,0.098,0.002,0.021
2017-10-22,0.400,0.002,0.056
2017-10-23,0.050,0.003,0.013
2017-10-24,0.314,0.002,0.035
2017-10-25,0.313,0.002,0.033
2017-10-26,0.049,0.002,0.012
2017-10-27,0.030,0.002,0.008
2017-10-28,0.100,0.003,0.016
2017-10-29,0.084,0.002,0.016
2017-10-30,0.021,0.001,0.006
2017-10-31,0.527,0.001,0.043
2017-11-01,0.037,0.002,0.007
2017-11-02,0.036,0.002,0.007
2017-11-03,0.246,0.002,0.025
2017-11-04,0.040,0.002,0.010
2017-11-05,0.259,0.003,0.027
2017-11-06,0.759,0.002,0.087
2017-11-07,0.110,0.001,0.025
2017-11-08,0.097,0.002,0.013
2017-11-09,0.092,0.002,0.015
2017-11-10,0.099,0.002,0.016
2017-11-11,0.068,0.002,0.010
2017-11-12,0.074,0.001,0.013
2017-11-13,0.071,0.002,0.014
2017-11-14,3.567,0.002,0.247
2017-11-15,0.366,0.002,0.034
2017-11-16,0.044,0.002,0.009
2017-11-17,0.042,0.001,0.011
2017-11-18,0.039,0.001,0.009
2017-11-19,0.036,0.002,0.009
2017-11-20,0.042,0.002,0.010
2017-11-21,0.033,0.002,0.010
2017-11-22,0.030,0.002,0.008
2017-11-23,0.315,0.002,0.035
2017-11-24,0.160,0.001,0.024
2017-11-25,0.046,0.002,0.008
2017-11-26,0.073,0.002,0.009
2017-11-27,0.026,0.002,0.006
2017-11-28,0.044,0.002,0.010
2017-11-29,0.035,0.002,0.008
2017-11-30,0.053,0.002,0.012
2017-12-01,0.672,0.001,0.051
2017-12-02,0.184,0.001,0.022
2017-12-03,0.022,0.001,0.006
2017-12-04,0.018,0.001,0.006
2017-12-05,0.019,0.001,0.006
2017-12-06,0.197,0.001,0.018
2017-12-07,0.018,0.002,0.006
2017-12-08,0.068,0.002,0.012
2017-12-09,0.081,0.002,0.012
2017-12-10,0.076,0.001,0.010
2017-12-11,0.020,0.002,0.007
2017-12-12,0.015,0.002,0.006
2017-12-13,0.035,0.002,0.007
2017-12-14,0.014,0.002,0.005
2017-12-15,0.014,0.002,0.005
2017-12-16,0.153,0.001,0.014
2017-12-17,0.013,0.001,0.004
2017-12-18,0.083,0.001,0.013
2017-12-19,0.012,0.001,0.004
2017-12-20,0.012,0.001,0.004
2017-12-21,0.115,0.001,0.012
2017-12-22,0.019,0.001,0.005
2017-12-23,0.016,0.001,0.005
2017-12-24,0.013,0.001,0.004
2017-12-25,0.031,0.001,0.006
2017-12-26,0.011,0.001,0.004
2017-12-27,0.010,0.001,0.004
2017-12-28,0.037,0.001,0.007
2017-12-29,0.053,0.001,0.007
2017-12-30,0.209,0.001,0.017
2017-12-31,0.019,0.001,0.006
