date,maximum,minimum,average
2017-01-01,0.121,0.006,0.035
2017-01-02,0.231,0.006,0.039
2017-01-03,0.160,0.008,0.034
2017-01-04,0.378,0.005,0.045
2017-01-05,0.245,0.006,0.035
2017-01-06,0.211,0.004,0.043
2017-01-07,0.042,0.004,0.017
2017-01-08,0.065,0.006,0.024
2017-01-09,0.053,0.005,0.021
2017-01-10,0.067,0.008,0.020
2017-01-11,0.085,0.006,0.024
2017-01-12,0.055,0.010,0.029
2017-01-13,0.121,0.010,0.031
2017-01-14,0.232,0.006,0.039
2017-01-15,0.037,0.007,0.022
2017-01-16,0.051,0.005,0.023
2017-01-17,0.141,0.007,0.031
2017-01-18,0.190,0.009,0.036
2017-01-19,0.070,0.006,0.027
2017-01-20,0.228,0.008,0.042
2017-01-21,0.081,0.007,0.031
2017-01-22,0.079,0.007,0.030
2017-01-23,0.057,0.011,0.025
2017-01-24,0.050,0.009,0.022
2017-01-25,0.113,0.008,0.026
2017-01-26,0.107,0.009,0.030
2017-01-27,0.112,0.009,0.037
2017-01-28,0.100,0.007,0.042
2017-01-29,0.103,0.011,0.042
2017-01-30,0.116,0.007,0.039
2017-01-31,0.109,0.012,0.033
2017-02-01,0.079,0.009,0.031
2017-02-02,0.298,0.010,0.049
2017-02-03,0.519,0.007,0.066
2017-02-04,0.128,0.009,0.037
2017-02-05,0.147,0.007,0.050
2017-02-06,0.094,0.007,0.036
2017-02-07,0.064,0.006,0.033
2017-02-08,0.104,0.008,0.037
2017-02-09,0.084,0.008,0.040
2017-02-10,0.116,0.006,0.038
2017-02-11,0.076,0.006,0.034
2017-02-12,0.060,0.006,0.027
2017-02-13,0.183,0.010,0.044
2017-02-14,0.235,0.012,0.044
2017-02-15,0.372,0.010,0.058
2017-02-16,0.172,0.011,0.047
2017-02-17,0.184,0.010,0.040
2017-02-18,0.243,0.009,0.051
2017-02-19,0.204,0.011,0.045
2017-02-20,0.348,0.009,0.053
2017-02-21,0.275,0.010,0.045
2017-02-22,0.198,0.008,0.047
2017-02-23,0.246,0.008,0.052
2017-02-24,0.290,0.010,0.045
2017-02-25,0.272,0.009,0.047
2017-02-26,0.229,0.012,0.047
2017-02-27,0.248,0.010,0.044
2017-02-28,0.882,0.010,0.091
2017-03-01,1.529,0.011,0.134
2017-03-02,1.248,0.009,0.122
2017-03-03,1.363,0.009,0.120
2017-03-04,1.165,0.008,0.115
2017-03-05,1.084,0.010,0.104
2017-03-06,0.924,0.012,0.089
2017-03-07,0.937,0.011,0.098
2017-03-08,1.011,0.011,0.113
2017-03-09,0.851,0.011,0.085
2017-03-10,0.838,0.014,0.088
2017-03-11,1.002,0.011,0.096
2017-03-12,0.903,0.011,0.089
2017-03-13,1.002,0.011,0.091
2017-03-14,0.980,0.011,0.089
2017-03-15,0.957,0.012,0.091
2017-03-16,1.237,0.009,0.115
2017-03-17,1.105,0.010,0.108
2017-03-18,1.162,0.010,0.102
2017-03-19,0.974,0.010,0.089
2017-03-20,1.142,0.010,0.102
2017-03-21,0.908,0.010,0.084
2017-03-22,1.236,0.010,0.103
2017-03-23,1.215,0.009,0.099
2017-03-24,1.263,0.010,0.104
2017-03-25,1.046,0.010,0.093
2017-03-26,0.941,0.009,0.082
2017-03-27,1.074,0.010,0.091
2017-03-28,0.934,0.010,0.085
2017-03-29,1.097,0.009,0.097
2017-03-30,0.951,0.009,0.085
2017-03-31,0.941,0.009,0.088
2017-04-01,0.973,0.009,0.086
2017-04-02,0.919,0.009,0.083
2017-04-03,0.807,0.009,0.077
2017-04-04,0.840,0.011,0.075
2017-04-05,0.787,0.009,0.086
2017-04-06,0.781,0.009,0.074
2017-04-07,0.739,0.008,0.072
2017-04-08,0.770,0.008,0.072
2017-04-09,0.868,0.008,0.075
2017-04-10,0.675,0.008,0.065
2017-04-11,0.619,0.008,0.059
2017-04-12,0.559,0.011,0.055
2017-04-13,0.512,0.011,0.051
2017-04-14,0.467,0.008,0.047
2017-04-15,0.428,0.007,0.045
2017-04-16,0.393,0.007,0.051
2017-04-17,0.364,0.007,0.041
2017-04-18,0.337,0.007,0.039
2017-04-19,0.313,0.007,0.036
2017-04-20,0.295,0.007,0.036
2017-04-21,0.272,0.007,0.033
2017-04-22,0.254,0.007,0.031
2017-04-23,0.238,0.008,0.029
2017-04-24,0.224,0.007,0.029
2017-04-25,0.211,0.007,0.027
2017-04-26,0.199,0.006,0.026
2017-04-27,0.188,0.006,0.028
2017-04-28,0.178,0.006,0.027
2017-04-29,0.168,0.006,0.023
2017-04-30,0.162,0.006,0.023
2017-05-01,0.138,0.007,0.021
2017-05-02,0.133,0.006,0.021
2017-05-03,0.128,0.006,0.021
2017-05-04,0.125,0.006,0.023
2017-05-05,0.121,0.006,0.020
2017-05-06,0.117,0.006,0.019
2017-05-07,0.113,0.006,0.018
2017-05-08,0.108,0.006,0.018
2017-05-09,0.105,0.006,0.021
2017-05-10,0.101,0.006,0.017
2017-05-11,0.097,0.006,0.020
2017-05-12,0.094,0.006,0.019
2017-05-13,0.091,0.006,0.017
2017-05-14,0.088,0.006,0.016
2017-05-15,0.165,0.005,0.025
2017-05-16,0.082,0.005,0.017
2017-05-17,0.080,0.005,0.015
2017-05-18,0.078,0.005,0.015
2017-05-19,0.076,0.005,0.015
2017-05-20,0.189,0.005,0.025
2017-05-21,0.072,0.006,0.016
2017-05-22,0.070,0.005,0.014
2017-05-23,0.068,0.005,0.015
2017-05-24,0.067,0.005,0.014
2017-05-25,0.065,0.005,0.013
2017-05-26,0.064,0.005,0.013
2017-05-27,0.068,0.005,0.016
2017-05-28,0.061,0.005,0.013
2017-05-29,0.060,0.005,0.012
2017-05-30,0.059,0.005,0.012
2017-05-31,0.058,0.005,0.012
2017-06-01,0.055,0.005,0.012
2017-06-02,0.054,0.005,0.012
2017-06-03,0.053,0.005,0.011
2017-06-04,0.053,0.005,0.011
2017-06-05,0.052,0.005,0.011
2017-06-06,0.051,0.005,0.011
2017-06-07,0.050,0.005,0.011
2017-06-08,0.049,0.005,0.010
2017-06-09,0.049,0.005,0.014
2017-06-10,0.048,0.005,0.011
2017-06-11,0.177,0.005,0.021
2017-06-12,0.287,0.005,0.029
2017-06-13,0.050,0.005,0.014
2017-06-14,0.045,0.005,0.011
2017-06-15,0.045,0.005,0.011
2017-06-16,0.044,0.005,0.010
2017-06-17,0.043,0.005,0.010
2017-06-18,0.043,0.005,0.010
2017-06-19,0.042,0.005,0.010
2017-06-20,0.042,0.005,0.010
2017-06-21,0.071,0.005,0.014
2017-06-22,0.130,0.004,0.017
2017-06-23,0.040,0.004,0.010
2017-06-24,0.040,0.004,0.009
2017-06-25,0.039,0.004,0.009
2017-06-26,0.039,0.004,0.009
2017-06-27,0.039,0.004,0.009
2017-06-28,0.038,0.004,0.009
2017-06-29,0.038,0.004,0.009
2017-06-30,0.037,0.004,0.010
2017-07-01,0.037,0.004,0.009
2017-07-02,0.079,0.004,0.013
2017-07-03,0.036,0.004,0.009
2017-07-04,0.054,0.004,0.012
2017-07-05,0.084,0.004,0.014
2017-07-06,0.035,0.004,0.009
2017-07-07,0.035,0.004,0.009
2017-07-08,0.034,0.004,0.010
2017-07-09,0.056,0.004,0.012
2017-07-10,0.034,0.004,0.008
2017-07-11,0.034,0.004,0.008
2017-07-12,0.033,0.004,0.008
2017-07-13,0.033,0.004,0.008
2017-07-14,0.033,0.004,0.008
2017-07-15,0.032,0.004,0.008
2017-07-16,0.032,0.004,0.008
2017-07-17,0.032,0.004,0.008
2017-07-18,0.031,0.004,0.008
2017-07-19,0.071,0.004,0.012
2017-07-20,0.031,0.004,0.008
2017-07-21,0.031,0.004,0.008
2017-07-22,0.031,0.004,0.008
2017-07-23,0.030,0.004,0.008
2017-07-24,0.030,0.004,0.008
2017-07-25,0.030,0.004,0.008
2017-07-26,0.030,0.004,0.007
2017-07-27,0.029,0.004,0.007
2017-07-28,0.049,0.004,0.010
2017-07-29,0.029,0.004,0.007
2017-07-30,0.029,0.004,0.008
2017-07-31,0.029,0.004,0.007
2017-08-01,0.029,0.004,0.008
2017-08-02,0.073,0.004,0.011
2017-08-03,0.028,0.004,0.008
2017-08-04,0.028,0.004,0.007
2017-08-05,0.028,0.004,0.007
2017-08-06,0.028,0.004,0.007
2017-08-07,0.027,0.004,0.007
2017-08-08,0.027,0.004,0.007
2017-08-09,0.027,0.004,0.007
2017-08-10,0.027,0.004,0.007
2017-08-11,0.027,0.004,0.007
2017-08-12,0.027,0.004,0.007
2017-08-13,0.026,0.004,0.007
2017-08-14,0.026,0.004,0.007
2017-08-15,0.026,0.004,0.007
2017-08-16,0.026,0.004,0.007
2017-08-17,0.026,0.004,0.007
2017-08-18,0.026,0.004,0.008
2017-08-19,0.026,0.004,0.007
2017-08-20,0.025,0.004,0.007
2017-08-21,0.025,0.004,0.007
2017-08-22,0.025,0.004,0.007
2017-08-23,0.025,0.004,0.007
2017-08-24,0.025,0.004,0.006
2017-08-25,0.025,0.004,0.006
2017-08-26,0.025,0.004,0.006
2017-08-27,0.024,0.004,0.006
2017-08-28,0.024,0.004,0.006
2017-08-29,0.024,0.004,0.006
2017-08-30,0.024,0.004,0.006
2017-08-31,0.024,0.004,0.007
2017-09-01,0.024,0.004,0.006
2017-09-02,0.024,0.004,0.006
2017-09-03,0.023,0.004,0.006
2017-09-04,0.023,0.004,0.006
2017-09-05,0.023,0.004,0.006
2017-09-06,0.023,0.004,0.006
2017-09-07,0.026,0.004,0.008
2017-09-08,0.023,0.004,0.006
2017-09-09,0.023,0.004,0.006
2017-09-10,0.023,0.004,0.006
2017-09-11,0.023,0.004,0.006
2017-09-12,0.022,0.004,0.006
2017-09-13,0.022,0.004,0.006
2017-09-14,0.022,0.004,0.007
2017-09-15,0.114,0.004,0.013
2017-09-16,0.022,0.004,0.006
2017-09-17,0.022,0.004,0.006
2017-09-18,0.022,0.004,0.006
2017-09-19,0.022,0.004,0.006
2017-09-20,0.022,0.004,0.006
2017-09-21,0.021,0.004,0.006
2017-09-22,0.021,0.004,0.006
2017-09-23,0.021,0.004,0.006
2017-09-24,0.021,0.004,0.007
2017-09-25,0.027,0.004,0.007
2017-09-26,0.021,0.004,0.007
2017-09-27,0.021,0.004,0.007
2017-09-28,0.021,0.004,0.007
2017-09-29,0.071,0.004,0.011
2017-09-30,0.024,0.004,0.006
2017-10-01,0.021,0.004,0.007
2017-10-02,0.020,0.004,0.008
2017-10-03,0.018,0.004,0.006
2017-10-04,0.023,0.004,0.007
2017-10-05,0.028,0.004,0.008
2017-10-06,0.026,0.004,0.007
2017-10-07,0.009,0.004,0.006
2017-10-08,0.007,0.004,0.005
2017-10-09,0.020,0.004,0.006
2017-10-10,0.007,0.004,0.005
2017-10-11,0.026,0.004,0.008
2017-10-12,0.007,0.004,0.005
2017-10-13,0.015,0.004,0.006
2017-10-14,0.013,0.004,0.006
2017-10-15,0.008,0.004,0.005
2017-10-16,0.011,0.004,0.007
2017-10-17,0.024,0.004,0.007
2017-10-18,0.028,0.004,0.007
2017-10-19,0.032,0.004,0.008
2017-10-20,0.041,0.004,0.009
2017-10-21,0.036,0.004,0.010
2017-10-22,0.012,0.004,0.006
2017-10-23,0.008,0.003,0.005
2017-10-24,0.037,0.003,0.007
2017-10-25,0.015,0.003,0.006
2017-10-26,0.016,0.004,0.006
2017-10-27,0.043,0.004,0.009
2017-10-28,0.048,0.004,0.008
2017-10-29,0.010,0.004,0.006
2017-10-30,0.045,0.004,0.010
2017-10-31,0.023,0.004,0.010
2017-11-01,0.061,0.004,0.010
2017-11-02,0.038,0.004,0.011
2017-11-03,0.048,0.004,0.013
2017-11-04,0.011,0.004,0.006
2017-11-05,0.039,0.003,0.009
2017-11-06,0.053,0.004,0.013
2017-11-07,0.070,0.004,0.020
2017-11-08,0.024,0.004,0.010
2017-11-09,0.020,0.004,0.009
2017-11-10,0.014,0.004,0.007
2017-11-11,0.038,0.004,0.012
2017-11-12,0.075,0.004,0.011
2017-11-13,0.735,0.004,0.062
2017-11-14,0.043,0.004,0.012
2017-11-15,0.023,0.005,0.010
2017-11-16,0.072,0.004,0.017
2017-11-17,0.116,0.004,0.024
2017-11-18,0.036,0.004,0.012
2017-11-19,0.046,0.004,0.011
2017-11-20,0.077,0.004,0.014
2017-11-21,0.076,0.004,0.014
2017-11-22,0.072,0.004,0.018
2017-11-23,0.094,0.004,0.019
2017-11-24,0.030,0.004,0.011
2017-11-25,0.251,0.004,0.031
2017-11-26,0.191,0.004,0.028
2017-11-27,0.064,0.004,0.015
2017-11-28,0.032,0.004,0.013
2017-11-29,0.056,0.005,0.014
2017-11-30,0.031,0.004,0.012
2017-12-01,0.077,0.005,0.014
2017-12-02,0.039,0.004,0.014
2017-12-03,0.051,0.004,0.014
2017-12-04,0.047,0.004,0.019
2017-12-05,0.045,0.004,0.016
2017-12-06,0.062,0.004,0.020
2017-12-07,0.059,0.004,0.014
2017-12-08,0.205,0.005,0.023
2017-12-09,0.086,0.005,0.026
2017-12-10,0.091,0.006,0.021
2017-12-11,0.045,0.005,0.017
2017-12-12,0.155,0.006,0.032
2017-12-13,0.140,0.008,0.035
2017-12-14,0.275,0.007,0.037
2017-12-15,0.053,0.005,0.015
2017-12-16,0.041,0.005,0.017
2017-12-17,0.090,0.006,0.024
2017-12-18,0.177,0.006,0.041
2017-12-19,0.068,0.008,0.021
2017-12-20,0.080,0.005,0.028
2017-12-21,0.096,0.006,0.024
2017-12-22,0.059,0.006,0.017
2017-12-23,0.066,0.006,0.019
2017-12-24,0.048,0.005,0.013
2017-12-25,0.098,0.008,0.029
2017-12-26,0.048,0.005,0.020
2017-12-27,0.093,0.006,0.023
2017-12-28,0.055,0.008,0.022
2017-12-29,0.124,0.012,0.040
2017-12-30,0.077,0.007,0.024
2017-12-31,0.098,0.006,0.035
