date,maximum,minimum,average
2017-01-01,0.273,0.000,0.034
2017-01-02,1.535,0.000,0.158
2017-01-03,8.694,0.000,0.669
2017-01-04,0.220,0.000,0.030
2017-01-05,0.071,0.000,0.008
2017-01-06,0.211,0.000,0.026
2017-01-07,0.054,0.000,0.009
2017-01-08,0.057,0.000,0.011
2017-01-09,1.037,0.000,0.079
2017-01-10,0.145,0.000,0.012
2017-01-11,1.870,0.000,0.154
2017-01-12,1.272,0.000,0.140
2017-01-13,1.085,0.000,0.110
2017-01-14,3.338,0.000,0.295
2017-01-15,1.345,0.000,0.150
2017-01-16,2.365,0.000,0.240
2017-01-17,1.940,0.000,0.136
2017-01-18,0.590,0.000,0.054
2017-01-19,0.278,0.000,0.035
2017-01-20,2.642,0.000,0.207
2017-01-21,0.778,0.000,0.110
2017-01-22,5.051,0.000,0.347
2017-01-23,1.682,0.000,0.145
2017-01-24,0.334,0.000,0.054
2017-01-25,0.483,0.000,0.117
2017-01-26,5.265,0.000,0.422
2017-01-27,7.944,0.000,0.583
2017-01-28,0.952,0.000,0.089
2017-01-29,0.893,0.000,0.095
2017-01-30,2.079,0.000,0.183
2017-01-31,0.195,0.000,0.034
2017-02-01,0.690,0.000,0.092
2017-02-02,12.226,0.000,0.794
2017-02-03,1.081,0.000,0.161
2017-02-04,2.581,0.000,0.249
2017-02-05,0.913,0.000,0.085
2017-02-06,6.423,0.000,0.413
2017-02-07,3.115,0.000,0.307
2017-02-08,12.778,0.000,1.297
2017-02-09,5.263,0.000,0.654
2017-02-10,2.943,0.000,0.263
2017-02-11,14.138,0.000,0.947
2017-02-12,0.728,0.000,0.053
2017-02-13,0.794,0.000,0.063
2017-02-14,0.319,0.000,0.062
2017-02-15,2.745,0.000,0.221
2017-02-16,2.302,0.000,0.218
2017-02-17,1.041,0.000,0.099
2017-02-18,2.415,0.000,0.252
2017-02-19,3.498,0.000,0.358
2017-02-20,6.009,0.000,0.528
2017-02-21,0.485,0.000,0.034
2017-02-22,0.047,0.000,0.006
2017-02-23,0.064,0.000,0.009
2017-02-24,8.243,0.000,0.605
2017-02-25,9.537,0.000,0.720
2017-02-26,14.721,0.000,2.075
2017-02-27,7.181,0.000,0.630
2017-02-28,2.507,0.000,0.204
2017-03-01,4.831,0.000,0.765
2017-03-02,0.971,0.000,0.157
2017-03-03,12.457,0.000,1.299
2017-03-04,9.130,0.000,0.956
2017-03-05,2.448,0.000,0.237
2017-03-06,2.412,0.000,0.325
2017-03-07,5.217,0.000,0.789
2017-03-08,12.321,0.000,0.933
2017-03-09,17.585,0.000,1.436
2017-03-10,8.777,0.000,0.628
2017-03-11,6.768,0.000,0.621
2017-03-12,1.461,0.000,0.284
2017-03-13,2.270,0.000,0.305
2017-03-14,4.313,0.000,0.799
2017-03-15,4.232,0.000,0.526
2017-03-16,7.762,0.000,0.642
2017-03-17,3.386,0.000,0.633
2017-03-18,8.925,0.004,1.489
2017-03-19,9.940,0.000,2.339
2017-03-20,27.540,0.000,3.066
2017-03-21,5.358,0.000,1.018
2017-03-22,6.000,0.000,1.084
2017-03-23,4.077,0.000,0.843
2017-03-24,5.123,0.000,0.880
2017-03-25,2.950,0.000,0.676
2017-03-26,13.236,0.000,1.147
2017-03-27,2.586,0.000,0.615
2017-03-28,3.913,0.000,0.695
2017-03-29,7.561,0.000,1.470
2017-03-30,10.503,0.000,2.829
2017-03-31,4.426,0.000,0.866
2017-04-01,5.234,0.000,1.302
2017-04-02,6.167,0.000,1.348
2017-04-03,24.455,0.000,2.143
2017-04-04,17.016,0.000,2.128
2017-04-05,6.165,0.000,1.578
2017-04-06,10.159,0.000,1.501
2017-04-07,15.231,0.000,2.237
2017-04-08,18.005,0.000,1.953
2017-04-09,9.321,0.000,1.419
2017-04-10,28.497,0.000,2.814
2017-04-11,10.350,0.000,1.626
2017-04-12,16.295,0.000,2.484
2017-04-13,16.750,0.000,2.206
2017-04-14,18.683,0.000,2.561
2017-04-15,40.038,0.000,3.950
2017-04-16,19.312,0.000,2.050
2017-04-17,16.076,0.001,1.687
2017-04-18,26.586,0.000,2.837
2017-04-19,8.981,0.000,1.425
2017-04-20,8.567,0.002,1.829
2017-04-21,10.546,0.001,1.329
2017-04-22,4.868,0.001,0.869
2017-04-23,21.719,0.000,2.047
2017-04-24,4.617,0.000,0.808
2017-04-25,19.668,0.000,2.180
2017-04-26,18.282,0.000,1.576
2017-04-27,16.249,0.000,2.512
2017-04-28,17.993,0.000,1.746
2017-04-29,9.007,0.000,1.499
2017-04-30,24.945,0.010,2.490
2017-05-01,32.170,0.000,2.697
2017-05-02,4.325,0.000,1.083
2017-05-03,6.660,0.000,1.086
2017-05-04,6.617,0.002,1.591
2017-05-05,10.368,0.001,2.633
2017-05-06,18.108,0.000,2.894
2017-05-07,26.381,0.002,2.953
2017-05-08,3.418,0.000,0.653
2017-05-09,4.109,0.006,0.777
2017-05-10,16.761,0.001,1.991
2017-05-11,17.662,0.000,1.765
2017-05-12,9.717,0.002,0.934
2017-05-13,1.630,0.000,0.432
2017-05-14,3.212,0.000,0.823
2017-05-15,4.568,0.000,0.667
2017-05-16,2.227,0.004,0.529
2017-05-17,3.764,0.001,0.582
2017-05-18,22.704,0.000,1.844
2017-05-19,3.773,0.000,0.506
2017-05-20,4.054,0.002,0.551
2017-05-21,20.731,0.000,1.642
2017-05-22,4.955,0.000,0.451
2017-05-23,3.626,0.000,0.555
2017-05-24,3.435,0.000,0.682
2017-05-25,5.185,0.002,0.725
2017-05-26,7.713,0.001,0.985
2017-05-27,4.914,0.000,1.003
2017-05-28,7.158,0.000,0.828
2017-05-29,3.537,0.000,0.633
2017-05-30,3.553,0.000,0.538
2017-05-31,0.582,0.002,0.205
2017-06-01,2.690,0.003,0.575
2017-06-02,8.102,0.000,0.726
2017-06-03,6.892,0.004,0.609
2017-06-04,0.404,0.003,0.136
2017-06-05,0.986,0.000,0.225
2017-06-06,2.710,0.001,0.337
2017-06-07,2.801,0.000,0.489
2017-06-08,3.968,0.002,0.544
2017-06-09,0.689,0.001,0.226
2017-06-10,8.036,0.000,0.673
2017-06-11,2.796,0.010,0.604
2017-06-12,2.161,0.011,0.268
2017-06-13,2.056,0.000,0.258
2017-06-14,0.870,0.000,0.227
2017-06-15,3.017,0.000,0.546
2017-06-16,1.354,0.001,0.258
2017-06-17,2.419,0.002,0.506
2017-06-18,15.410,0.002,1.267
2017-06-19,3.109,0.013,0.658
2017-06-20,5.352,0.004,0.667
2017-06-21,1.319,0.010,0.282
2017-06-22,3.645,0.008,0.880
2017-06-23,1.426,0.017,0.375
2017-06-24,4.592,0.018,1.023
2017-06-25,1.867,0.002,0.450
2017-06-26,5.355,0.050,0.892
2017-06-27,2.459,0.066,0.712
2017-06-28,3.193,0.004,0.715
2017-06-29,5.818,0.013,1.161
2017-06-30,5.512,0.001,0.809
2017-07-01,3.144,0.007,0.910
2017-07-02,7.063,0.019,1.081
2017-07-03,4.714,0.003,1.146
2017-07-04,10.113,0.050,1.284
2017-07-05,6.563,0.005,1.106
2017-07-06,5.069,0.008,1.318
2017-07-07,14.249,0.000,2.500
2017-07-08,13.340,0.085,2.615
2017-07-09,3.223,0.009,0.757
2017-07-10,11.131,0.008,1.477
2017-07-11,8.912,0.069,2.129
2017-07-12,36.298,0.053,3.793
2017-07-13,18.231,0.015,2.552
2017-07-14,6.534,0.040,2.147
2017-07-15,5.263,0.014,1.282
2017-07-16,6.326,0.027,1.567
2017-07-17,7.083,0.026,1.131
2017-07-18,10.867,0.083,2.890
2017-07-19,9.911,0.255,2.723
2017-07-20,6.126,0.053,1.941
2017-07-21,14.515,0.170,4.542
2017-07-22,10.354,0.037,2.273
2017-07-23,11.324,0.067,2.103
2017-07-24,7.340,0.197,2.676
2017-07-25,17.252,0.021,6.968
2017-07-26,10.397,0.021,2.607
2017-07-27,16.768,0.048,4.423
2017-07-28,19.924,0.187,4.874
2017-07-29,11.017,0.014,3.396
2017-07-30,6.587,0.091,2.702
2017-07-31,8.609,0.079,1.993
2017-08-01,14.200,0.036,3.841
2017-08-02,4.904,0.431,2.217
2017-08-03,11.960,0.015,3.409
2017-08-04,5.697,0.163,1.900
2017-08-05,12.175,0.334,4.370
2017-08-06,21.117,0.129,4.370
2017-08-07,21.665,0.012,3.697
2017-08-08,6.207,0.016,2.491
2017-08-09,8.819,0.253,2.336
2017-08-10,29.000,0.271,5.056
2017-08-11,15.719,0.071,3.181
2017-08-12,14.078,0.027,4.467
2017-08-13,13.538,0.030,3.444
2017-08-14,5.655,0.382,2.403
2017-08-15,5.268,0.277,1.923
2017-08-16,8.048,0.117,2.877
2017-08-17,31.385,0.246,5.041
2017-08-18,25.076,0.433,3.793
2017-08-19,9.563,0.028,2.250
2017-08-20,6.947,0.169,2.514
2017-08-21,13.283,0.158,3.439
2017-08-22,7.078,0.017,2.109
2017-08-23,8.132,0.201,2.689
2017-08-24,5.135,0.015,1.912
2017-08-25,13.487,0.011,3.609
2017-08-26,6.719,0.013,2.843
2017-08-27,8.242,0.203,2.878
2017-08-28,22.167,0.046,2.564
2017-08-29,6.786,0.079,2.908
2017-08-30,10.484,0.124,2.875
2017-08-31,6.675,0.277,2.358
2017-09-01,9.508,0.041,2.833
2017-09-02,12.168,0.036,3.727
2017-09-03,8.101,0.175,3.116
2017-09-04,7.141,0.009,1.766
2017-09-05,3.947,0.050,1.618
2017-09-06,8.851,0.180,2.049
2017-09-07,5.789,0.035,1.784
2017-09-08,10.453,0.032,2.954
2017-09-09,8.475,0.131,2.840
2017-09-10,18.011,0.002,3.256
2017-09-11,4.186,0.047,1.348
2017-09-12,2.721,0.013,0.898
2017-09-13,10.664,0.000,1.966
2017-09-14,5.766,0.029,1.564
2017-09-15,4.027,0.176,1.385
2017-09-16,6.963,0.020,1.652
2017-09-17,4.136,0.004,1.089
2017-09-18,13.717,0.016,1.965
2017-09-19,4.013,0.029,1.007
2017-09-20,2.827,0.004,0.569
2017-09-21,3.820,0.001,0.773
2017-09-22,8.208,0.000,0.996
2017-09-23,1.786,0.001,0.404
2017-09-24,6.986,0.045,1.774
2017-09-25,9.124,0.018,1.350
2017-09-26,3.299,0.005,0.747
2017-09-27,7.694,0.000,0.992
2017-09-28,2.304,0.000,0.514
2017-09-29,5.520,0.000,1.029
2017-09-30,2.992,0.000,0.498
2017-10-01,2.989,0.001,0.665
2017-10-02,9.656,0.000,1.328
2017-10-03,1.861,0.000,0.421
2017-10-04,5.065,0.000,0.856
2017-10-05,7.420,0.000,0.995
2017-10-06,5.694,0.000,0.525
2017-10-07,5.386,0.000,0.676
2017-10-08,12.764,0.000,1.430
2017-10-09,6.846,0.000,0.805
2017-10-10,3.511,0.000,0.826
2017-10-11,3.276,0.000,0.407
2017-10-12,28.883,0.000,2.047
2017-10-13,3.645,0.000,0.520
2017-10-14,1.520,0.000,0.200
2017-10-15,3.151,0.000,0.263
2017-10-16,1.905,0.000,0.199
2017-10-17,7.256,0.000,0.511
2017-10-18,1.566,0.000,0.234
2017-10-19,3.580,0.000,0.378
2017-10-20,0.089,0.000,0.015
2017-10-21,1.190,0.000,0.158
2017-10-22,2.097,0.000,0.261
2017-10-23,0.287,0.000,0.070
2017-10-24,0.315,0.000,0.072
2017-10-25,1.498,0.000,0.330
2017-10-26,2.237,0.000,0.424
2017-10-27,3.577,0.000,0.525
2017-10-28,1.586,0.000,0.242
2017-10-29,12.732,0.000,1.110
2017-10-30,2.015,0.000,0.182
2017-10-31,3.589,0.001,0.661
2017-11-01,8.215,0.000,0.611
2017-11-02,2.457,0.000,0.196
2017-11-03,3.920,0.000,0.578
2017-11-04,2.319,0.000,0.185
2017-11-05,4.015,0.000,0.332
2017-11-06,1.347,0.000,0.306
2017-11-07,1.597,0.000,0.364
2017-11-08,0.396,0.000,0.038
2017-11-09,1.750,0.000,0.171
2017-11-10,0.678,0.000,0.104
2017-11-11,0.421,0.000,0.052
2017-11-12,2.150,0.000,0.152
2017-11-13,2.687,0.000,0.261
2017-11-14,0.994,0.000,0.107
2017-11-15,0.405,0.000,0.063
2017-11-16,2.666,0.000,0.337
2017-11-17,4.864,0.000,0.377
2017-11-18,1.202,0.000,0.112
2017-11-19,1.291,0.000,0.242
2017-11-20,0.576,0.000,0.064
2017-11-21,0.287,0.000,0.036
2017-11-22,0.196,0.000,0.019
2017-11-23,0.603,0.000,0.054
2017-11-24,6.974,0.000,0.558
2017-11-25,3.156,0.000,0.293
2017-11-26,0.253,0.000,0.064
2017-11-27,0.407,0.000,0.045
2017-11-28,0.302,0.000,0.040
2017-11-29,2.262,0.000,0.240
2017-11-30,7.373,0.000,0.525
2017-12-01,10.192,0.000,0.781
2017-12-02,7.720,0.000,0.584
2017-12-03,2.449,0.000,0.178
2017-12-04,0.499,0.000,0.069
2017-12-05,1.159,0.000,0.131
2017-12-06,1.365,0.000,0.140
2017-12-07,3.481,0.000,0.301
2017-12-08,2.605,0.000,0.255
2017-12-09,0.309,0.000,0.033
2017-12-10,0.657,0.000,0.097
2017-12-11,0.823,0.000,0.155
2017-12-12,9.486,0.000,0.684
2017-12-13,1.299,0.000,0.103
2017-12-14,0.580,0.000,0.080
2017-12-15,0.909,0.000,0.141
2017-12-16,0.071,0.000,0.017
2017-12-17,0.732,0.000,0.070
2017-12-18,0.038,0.000,0.003
2017-12-19,0.087,0.000,0.022
2017-12-20,0.035,0.000,0.003
2017-12-21,0.689,0.000,0.058
2017-12-22,1.730,0.000,0.136
2017-12-23,0.999,0.000,0.088
2017-12-24,0.199,0.000,0.034
2017-12-25,3.043,0.000,0.250
2017-12-26,0.431,0.000,0.073
2017-12-27,0.665,0.000,0.095
2017-12-28,2.101,0.000,0.182
2017-12-29,0.112,0.000,0.011
2017-12-30,0.305,0.000,0.042
2017-12-31,0.409,0.000,0.031
